         2.31236e-17         7.56115e-19                   0            0.022643
        -1.85675e-14        -4.08018e-15           0.0601313           0.0218796
           0.0331432         0.000559875          0.00144621           0.0267902
           0.0331432         0.000559874           0.0822748           0.0267372
            0.609039          0.00131297           0.0172437           0.0220177
            0.609039          0.00131297         7.13812e-05            0.021364
            0.323042          -0.0032714             0.22033           0.0353686
            0.323042          -0.0032714             0.21473           0.0339663
            0.110714         0.000155585           -0.021432           0.0429943
            0.110714         0.000155585           0.0050487           0.0414922
          -0.0790404         0.000821139            0.117025           0.0439755
          -0.0790404         0.000821139           0.0959208           0.0435944
          -0.0308693         0.000239636           -0.101637           0.0320937
          -0.0308693         0.000239636           -0.101637           0.0309854
          -0.0308693         0.000239636           -0.105218           0.0332736
          -0.0308693         0.000239636           -0.105218            0.032193
          -0.0308693         0.000239636           -0.102516           0.0289974
          -0.0308693         0.000239636           -0.102516           0.0300044
            -0.30143        -9.90249e-05           0.0231432           0.0282404
            -0.30143        -9.90249e-05           0.0231432           0.0280204
            -0.30143        -9.90249e-05          -0.0835062           0.0303222
            -0.30143        -9.90249e-05          -0.0835062           0.0302104
            -0.30143        -9.90249e-05           -0.185169           0.0268748
            -0.30143        -9.90249e-05           -0.185169           0.0279328
