1  45  1530.0 1640.0 D1U
0   1530.0  0.3175
0   1532.5  0.3175
0   1535.0  0.3175
0   1537.5  0.3174
0   1540.0  0.3173
0   1542.5  0.3171
0   1545.0  0.3167
0   1547.5  0.316
0   1550.0  0.3151
0   1552.5  0.3134
0   1555.0  0.3111
0   1557.5  0.3067
0   1560.0  0.2993
0   1562.5  0.2905
0   1565.0  0.2762
0   1567.5  0.259
0   1570.0  0.2436
0   1572.5  0.2246
0   1575.0  0.2092
0   1577.5  0.1915
0   1580.0  0.1753
0   1582.5  0.1623
0   1585.0  0.1479
0   1587.5  0.1341
0   1590.0  0.1236
0   1592.5  0.1119
0   1595.0  0.1026
0   1597.5  0.0922
0   1600.0  0.0824
0   1602.5  0.0748
0   1605.0  0.0658
0   1607.5  0.0579
0   1610.0  0.0512
0   1612.5  0.0433
0   1615.0  0.0372
0   1617.5  0.0303
0   1620.0  0.0234
0   1622.5  0.0179
0   1625.0  0.011
0   1627.5  0.0059
0   1630.0  0.0027
0   1632.5  0.0007
0   1635.0  0.0002
0   1637.5  0.0
0   1640.0  0.0
2  45  1530.0 1640.0 D1Up
0   1530.0  0.3175
0   1532.5  0.3175
0   1535.0  0.3175
0   1537.5  0.3174
0   1540.0  0.3173
0   1542.5  0.3171
0   1545.0  0.3168
0   1547.5  0.3165
0   1550.0  0.316
0   1552.5  0.315
0   1555.0  0.314
0   1557.5  0.3114
0   1560.0  0.307
0   1562.5  0.3014
0   1565.0  0.292
0   1567.5  0.2794
0   1570.0  0.2664
0   1572.5  0.2492
0   1575.0  0.2339
0   1577.5  0.2163
0   1580.0  0.199
0   1582.5  0.1851
0   1585.0  0.1693
0   1587.5  0.1551
0   1590.0  0.144
0   1592.5  0.1309
0   1595.0  0.1204
0   1597.5  0.1085
0   1600.0  0.0973
0   1602.5  0.0888
0   1605.0  0.0789
0   1607.5  0.0696
0   1610.0  0.0619
0   1612.5  0.0535
0   1615.0  0.047
0   1617.5  0.0391
0   1620.0  0.0312
0   1622.5  0.0245
0   1625.0  0.0165
0   1627.5  0.0091
0   1630.0  0.0044
0   1632.5  0.0012
0   1635.0  0.0004
0   1637.5  0.0001
0   1640.0  0.0
3  45  1530.0 1640.0 D1X
0   1530.0  0.3175
0   1532.5  0.3175
0   1535.0  0.3175
0   1537.5  0.3172
0   1540.0  0.3167
0   1542.5  0.3162
0   1545.0  0.3156
0   1547.5  0.3149
0   1550.0  0.3143
0   1552.5  0.3134
0   1555.0  0.3127
0   1557.5  0.3118
0   1560.0  0.3107
0   1562.5  0.3097
0   1565.0  0.3082
0   1567.5  0.3057
0   1570.0  0.3019
0   1572.5  0.2949
0   1575.0  0.2867
0   1577.5  0.2726
0   1580.0  0.2559
0   1582.5  0.2402
0   1585.0  0.2209
0   1587.5  0.2023
0   1590.0  0.1873
0   1592.5  0.1699
0   1595.0  0.1555
0   1597.5  0.1382
0   1600.0  0.1214
0   1602.5  0.1073
0   1605.0  0.0916
0   1607.5  0.0768
0   1610.0  0.0654
0   1612.5  0.0532
0   1615.0  0.044
0   1617.5  0.034
0   1620.0  0.0248
0   1622.5  0.0181
0   1625.0  0.0112
0   1627.5  0.0055
0   1630.0  0.0026
0   1632.5  0.0007
0   1635.0  0.0002
0   1637.5  0.0
0   1640.0  0.0
4  45  1530.0 1640.0 D1Xp
0   1530.0  0.3175
0   1532.5  0.3175
0   1535.0  0.3175
0   1537.5  0.3175
0   1540.0  0.3174
0   1542.5  0.3174
0   1545.0  0.3172
0   1547.5  0.3169
0   1550.0  0.3167
0   1552.5  0.3161
0   1555.0  0.3153
0   1557.5  0.3135
0   1560.0  0.3105
0   1562.5  0.306
0   1565.0  0.2965
0   1567.5  0.2828
0   1570.0  0.2684
0   1572.5  0.2485
0   1575.0  0.2319
0   1577.5  0.2134
0   1580.0  0.1949
0   1582.5  0.1805
0   1585.0  0.1637
0   1587.5  0.1476
0   1590.0  0.1349
0   1592.5  0.1203
0   1595.0  0.1091
0   1597.5  0.0962
0   1600.0  0.0846
0   1602.5  0.0754
0   1605.0  0.0651
0   1607.5  0.0552
0   1610.0  0.0479
0   1612.5  0.0394
0   1615.0  0.0328
0   1617.5  0.0254
0   1620.0  0.0182
0   1622.5  0.0125
0   1625.0  0.0067
0   1627.5  0.0025
0   1630.0  0.0009
0   1632.5  0.0002
0   1635.0  0.0001
0   1637.5  0.0
0   1640.0  0.0
5  45  1530.0 1640.0 D1V
0   1530.0  0.3175
0   1532.5  0.3175
0   1535.0  0.3175
0   1537.5  0.3174
0   1540.0  0.3172
0   1542.5  0.3171
0   1545.0  0.3167
0   1547.5  0.3164
0   1550.0  0.3159
0   1552.5  0.3149
0   1555.0  0.3134
0   1557.5  0.3101
0   1560.0  0.3042
0   1562.5  0.2964
0   1565.0  0.2839
0   1567.5  0.2681
0   1570.0  0.2533
0   1572.5  0.2347
0   1575.0  0.2195
0   1577.5  0.2019
0   1580.0  0.1854
0   1582.5  0.172
0   1585.0  0.1565
0   1587.5  0.1424
0   1590.0  0.1309
0   1592.5  0.1177
0   1595.0  0.1076
0   1597.5  0.0954
0   1600.0  0.0847
0   1602.5  0.076
0   1605.0  0.0667
0   1607.5  0.0579
0   1610.0  0.051
0   1612.5  0.0427
0   1615.0  0.0362
0   1617.5  0.0286
0   1620.0  0.0212
0   1622.5  0.0146
0   1625.0  0.0081
0   1627.5  0.0034
0   1630.0  0.0014
0   1632.5  0.0004
0   1635.0  0.0001
0   1637.5  0.0
0   1640.0  0.0
6  45  1530.0 1640.0 D1Vp
0   1530.0  0.3175
0   1532.5  0.3175
0   1535.0  0.3175
0   1537.5  0.3173
0   1540.0  0.3168
0   1542.5  0.3162
0   1545.0  0.3152
0   1547.5  0.3138
0   1550.0  0.3119
0   1552.5  0.3083
0   1555.0  0.3035
0   1557.5  0.2956
0   1560.0  0.2848
0   1562.5  0.2743
0   1565.0  0.2608
0   1567.5  0.2471
0   1570.0  0.2355
0   1572.5  0.2222
0   1575.0  0.2114
0   1577.5  0.1987
0   1580.0  0.1859
0   1582.5  0.1759
0   1585.0  0.1635
0   1587.5  0.1514
0   1590.0  0.1416
0   1592.5  0.1302
0   1595.0  0.1212
0   1597.5  0.1101
0   1600.0  0.0996
0   1602.5  0.0911
0   1605.0  0.0817
0   1607.5  0.0724
0   1610.0  0.065
0   1612.5  0.0565
0   1615.0  0.049
0   1617.5  0.0408
0   1620.0  0.0322
0   1622.5  0.0251
0   1625.0  0.016
0   1627.5  0.0079
0   1630.0  0.0032
0   1632.5  0.0007
0   1635.0  0.0002
0   1637.5  0.0
0   1640.0  0.0
7  113  1320.0 1600.0 D2V
0   1320.0  1.0105
0   1322.5  1.0104
0   1325.0  1.0104
0   1327.5  1.0103
0   1330.0  1.0102
0   1332.5  1.0102
0   1335.0  1.0101
0   1337.5  1.0099
0   1340.0  1.0097
0   1342.5  1.0096
0   1345.0  1.0093
0   1347.5  1.009
0   1350.0  1.0089
0   1352.5  1.0084
0   1355.0  1.008
0   1357.5  1.0074
0   1360.0  1.0067
0   1362.5  1.0061
0   1365.0  1.0052
0   1367.5  1.0041
0   1370.0  1.003
0   1372.5  1.0017
0   1375.0  1.0008
0   1377.5  0.999
0   1380.0  0.9975
0   1382.5  0.9965
0   1385.0  0.9947
0   1387.5  0.9933
0   1390.0  0.9921
0   1392.5  0.9906
0   1395.0  0.9893
0   1397.5  0.9878
0   1400.0  0.986
0   1402.5  0.9849
0   1405.0  0.9829
0   1407.5  0.981
0   1410.0  0.9789
0   1412.5  0.9768
0   1415.0  0.9746
0   1417.5  0.9718
0   1420.0  0.9689
0   1422.5  0.9663
0   1425.0  0.9626
0   1427.5  0.9589
0   1430.0  0.9551
0   1432.5  0.9498
0   1435.0  0.9445
0   1437.5  0.9365
0   1440.0  0.9275
0   1442.5  0.9188
0   1445.0  0.9067
0   1447.5  0.8944
0   1450.0  0.8831
0   1452.5  0.8687
0   1455.0  0.8564
0   1457.5  0.8406
0   1460.0  0.8238
0   1462.5  0.8091
0   1465.0  0.7913
0   1467.5  0.7729
0   1470.0  0.7588
0   1472.5  0.7398
0   1475.0  0.7238
0   1477.5  0.7035
0   1480.0  0.6834
0   1482.5  0.6661
0   1485.0  0.6452
0   1487.5  0.6231
0   1490.0  0.6037
0   1492.5  0.5814
0   1495.0  0.5618
0   1497.5  0.5392
0   1500.0  0.5164
0   1502.5  0.4964
0   1505.0  0.4724
0   1507.5  0.4497
0   1510.0  0.4312
0   1512.5  0.4081
0   1515.0  0.3889
0   1517.5  0.3665
0   1520.0  0.3428
0   1522.5  0.3243
0   1525.0  0.3032
0   1527.5  0.2822
0   1530.0  0.2651
0   1532.5  0.2441
0   1535.0  0.2279
0   1537.5  0.2094
0   1540.0  0.1905
0   1542.5  0.1755
0   1545.0  0.1591
0   1547.5  0.1424
0   1550.0  0.1294
0   1552.5  0.1137
0   1555.0  0.1015
0   1557.5  0.0872
0   1560.0  0.0738
0   1562.5  0.0642
0   1565.0  0.0538
0   1567.5  0.0434
0   1570.0  0.0363
0   1572.5  0.0283
0   1575.0  0.0227
0   1577.5  0.0166
0   1580.0  0.0121
0   1582.5  0.0086
0   1585.0  0.0051
0   1587.5  0.0028
0   1590.0  0.0014
0   1592.5  0.0005
0   1595.0  0.0003
0   1597.5  0.0001
0   1600.0  0.0
8  113  1320.0 1600.0 D2Vp
0   1320.0  1.0105
0   1322.5  1.0104
0   1325.0  1.0104
0   1327.5  1.0103
0   1330.0  1.0103
0   1332.5  1.0103
0   1335.0  1.0102
0   1337.5  1.0101
0   1340.0  1.0101
0   1342.5  1.01
0   1345.0  1.0099
0   1347.5  1.0097
0   1350.0  1.0096
0   1352.5  1.0094
0   1355.0  1.0091
0   1357.5  1.0088
0   1360.0  1.0083
0   1362.5  1.0079
0   1365.0  1.0073
0   1367.5  1.0067
0   1370.0  1.0061
0   1372.5  1.0051
0   1375.0  1.0043
0   1377.5  1.0031
0   1380.0  1.0016
0   1382.5  1.0007
0   1385.0  0.9996
0   1387.5  0.9982
0   1390.0  0.997
0   1392.5  0.9957
0   1395.0  0.9946
0   1397.5  0.9931
0   1400.0  0.9914
0   1402.5  0.9901
0   1405.0  0.9885
0   1407.5  0.9868
0   1410.0  0.9853
0   1412.5  0.9834
0   1415.0  0.9815
0   1417.5  0.979
0   1420.0  0.9766
0   1422.5  0.974
0   1425.0  0.971
0   1427.5  0.9672
0   1430.0  0.9636
0   1432.5  0.9581
0   1435.0  0.9524
0   1437.5  0.9455
0   1440.0  0.9366
0   1442.5  0.9284
0   1445.0  0.9169
0   1447.5  0.9043
0   1450.0  0.8929
0   1452.5  0.8783
0   1455.0  0.866
0   1457.5  0.8508
0   1460.0  0.8347
0   1462.5  0.8205
0   1465.0  0.803
0   1467.5  0.7847
0   1470.0  0.7695
0   1472.5  0.7507
0   1475.0  0.7348
0   1477.5  0.7161
0   1480.0  0.6954
0   1482.5  0.6782
0   1485.0  0.6586
0   1487.5  0.6372
0   1490.0  0.6182
0   1492.5  0.5966
0   1495.0  0.5782
0   1497.5  0.5566
0   1500.0  0.5341
0   1502.5  0.5153
0   1505.0  0.4922
0   1507.5  0.469
0   1510.0  0.4508
0   1512.5  0.4286
0   1515.0  0.4096
0   1517.5  0.3875
0   1520.0  0.3655
0   1522.5  0.3482
0   1525.0  0.327
0   1527.5  0.3066
0   1530.0  0.2898
0   1532.5  0.2695
0   1535.0  0.2529
0   1537.5  0.2336
0   1540.0  0.2155
0   1542.5  0.2004
0   1545.0  0.1827
0   1547.5  0.1656
0   1550.0  0.1501
0   1552.5  0.1326
0   1555.0  0.1195
0   1557.5  0.1052
0   1560.0  0.0912
0   1562.5  0.0808
0   1565.0  0.0683
0   1567.5  0.0563
0   1570.0  0.0474
0   1572.5  0.0382
0   1575.0  0.0313
0   1577.5  0.0231
0   1580.0  0.0168
0   1582.5  0.0117
0   1585.0  0.0072
0   1587.5  0.0037
0   1590.0  0.0018
0   1592.5  0.0006
0   1595.0  0.0002
0   1597.5  0.0001
0   1600.0  0.0
9  113  1320.0 1600.0 D2Xp
0   1320.0  1.0415
0   1322.5  1.0411
0   1325.0  1.0408
0   1327.5  1.0403
0   1330.0  1.0398
0   1332.5  1.0392
0   1335.0  1.0384
0   1337.5  1.0377
0   1340.0  1.0369
0   1342.5  1.0362
0   1345.0  1.0352
0   1347.5  1.0344
0   1350.0  1.0333
0   1352.5  1.0321
0   1355.0  1.0311
0   1357.5  1.0299
0   1360.0  1.0292
0   1362.5  1.028
0   1365.0  1.0265
0   1367.5  1.0249
0   1370.0  1.0237
0   1372.5  1.0223
0   1375.0  1.021
0   1377.5  1.0191
0   1380.0  1.017
0   1382.5  1.0159
0   1385.0  1.0145
0   1387.5  1.0127
0   1390.0  1.0115
0   1392.5  1.0096
0   1395.0  1.0076
0   1397.5  1.0049
0   1400.0  1.002
0   1402.5  0.9995
0   1405.0  0.9972
0   1407.5  0.9942
0   1410.0  0.9918
0   1412.5  0.988
0   1415.0  0.9847
0   1417.5  0.9808
0   1420.0  0.9773
0   1422.5  0.9727
0   1425.0  0.9674
0   1427.5  0.9603
0   1430.0  0.9542
0   1432.5  0.9455
0   1435.0  0.9372
0   1437.5  0.9266
0   1440.0  0.9145
0   1442.5  0.9039
0   1445.0  0.8894
0   1447.5  0.8751
0   1450.0  0.8624
0   1452.5  0.8466
0   1455.0  0.8326
0   1457.5  0.8156
0   1460.0  0.7987
0   1462.5  0.7834
0   1465.0  0.7653
0   1467.5  0.7457
0   1470.0  0.7291
0   1472.5  0.7077
0   1475.0  0.6899
0   1477.5  0.6667
0   1480.0  0.6446
0   1482.5  0.6259
0   1485.0  0.6021
0   1487.5  0.5782
0   1490.0  0.5579
0   1492.5  0.5336
0   1495.0  0.5127
0   1497.5  0.4879
0   1500.0  0.4627
0   1502.5  0.4416
0   1505.0  0.4165
0   1507.5  0.3922
0   1510.0  0.3725
0   1512.5  0.3497
0   1515.0  0.3303
0   1517.5  0.3074
0   1520.0  0.2857
0   1522.5  0.2677
0   1525.0  0.2473
0   1527.5  0.2272
0   1530.0  0.2117
0   1532.5  0.1927
0   1535.0  0.1774
0   1537.5  0.1588
0   1540.0  0.1429
0   1542.5  0.1296
0   1545.0  0.1144
0   1547.5  0.1004
0   1550.0  0.0901
0   1552.5  0.078
0   1555.0  0.0682
0   1557.5  0.0575
0   1560.0  0.0491
0   1562.5  0.0422
0   1565.0  0.0347
0   1567.5  0.0282
0   1570.0  0.0237
0   1572.5  0.0186
0   1575.0  0.0147
0   1577.5  0.0104
0   1580.0  0.0072
0   1582.5  0.0049
0   1585.0  0.0029
0   1587.5  0.0015
0   1590.0  0.0008
0   1592.5  0.0003
0   1595.0  0.0002
0   1597.5  0.0001
0   1600.0  0.0
10  113  1320.0 1600.0 D2X
0   1320.0  1.0415
0   1322.5  1.0409
0   1325.0  1.0404
0   1327.5  1.0398
0   1330.0  1.0392
0   1332.5  1.0382
0   1335.0  1.0373
0   1337.5  1.0363
0   1340.0  1.0355
0   1342.5  1.0344
0   1345.0  1.033
0   1347.5  1.0319
0   1350.0  1.031
0   1352.5  1.0299
0   1355.0  1.0287
0   1357.5  1.0276
0   1360.0  1.0264
0   1362.5  1.025
0   1365.0  1.0237
0   1367.5  1.0224
0   1370.0  1.0213
0   1372.5  1.0198
0   1375.0  1.0187
0   1377.5  1.017
0   1380.0  1.015
0   1382.5  1.0138
0   1385.0  1.0123
0   1387.5  1.0104
0   1390.0  1.0089
0   1392.5  1.0067
0   1395.0  1.0049
0   1397.5  1.0027
0   1400.0  0.9998
0   1402.5  0.9978
0   1405.0  0.9953
0   1407.5  0.9925
0   1410.0  0.9901
0   1412.5  0.987
0   1415.0  0.9839
0   1417.5  0.9797
0   1420.0  0.9752
0   1422.5  0.9708
0   1425.0  0.9649
0   1427.5  0.957
0   1430.0  0.9506
0   1432.5  0.9422
0   1435.0  0.9336
0   1437.5  0.9232
0   1440.0  0.9115
0   1442.5  0.9013
0   1445.0  0.8879
0   1447.5  0.8733
0   1450.0  0.8609
0   1452.5  0.8455
0   1455.0  0.8322
0   1457.5  0.8162
0   1460.0  0.8007
0   1462.5  0.787
0   1465.0  0.769
0   1467.5  0.7511
0   1470.0  0.7346
0   1472.5  0.7158
0   1475.0  0.6984
0   1477.5  0.6776
0   1480.0  0.6555
0   1482.5  0.6373
0   1485.0  0.6151
0   1487.5  0.5932
0   1490.0  0.5742
0   1492.5  0.5501
0   1495.0  0.5301
0   1497.5  0.5062
0   1500.0  0.4824
0   1502.5  0.4612
0   1505.0  0.4369
0   1507.5  0.412
0   1510.0  0.3919
0   1512.5  0.3675
0   1515.0  0.3478
0   1517.5  0.3252
0   1520.0  0.3033
0   1522.5  0.2848
0   1525.0  0.2631
0   1527.5  0.2406
0   1530.0  0.2231
0   1532.5  0.2031
0   1535.0  0.1874
0   1537.5  0.1692
0   1540.0  0.1531
0   1542.5  0.1396
0   1545.0  0.1244
0   1547.5  0.1097
0   1550.0  0.0982
0   1552.5  0.0846
0   1555.0  0.0745
0   1557.5  0.0633
0   1560.0  0.0534
0   1562.5  0.0458
0   1565.0  0.0377
0   1567.5  0.0304
0   1570.0  0.0254
0   1572.5  0.0195
0   1575.0  0.0155
0   1577.5  0.011
0   1580.0  0.0071
0   1582.5  0.0048
0   1585.0  0.0028
0   1587.5  0.0016
0   1590.0  0.0008
0   1592.5  0.0003
0   1595.0  0.0001
0   1597.5  0.0
0   1600.0  0.0
11  113  1320.0 1600.0 D2U
0   1320.0  1.0105
0   1322.5  1.0102
0   1325.0  1.0099
0   1327.5  1.0095
0   1330.0  1.009
0   1332.5  1.0085
0   1335.0  1.0082
0   1337.5  1.0077
0   1340.0  1.0072
0   1342.5  1.0065
0   1345.0  1.0059
0   1347.5  1.005
0   1350.0  1.0043
0   1352.5  1.0034
0   1355.0  1.0027
0   1357.5  1.0017
0   1360.0  1.0006
0   1362.5  0.9996
0   1365.0  0.998
0   1367.5  0.9968
0   1370.0  0.9956
0   1372.5  0.994
0   1375.0  0.9926
0   1377.5  0.9911
0   1380.0  0.9897
0   1382.5  0.988
0   1385.0  0.9862
0   1387.5  0.9844
0   1390.0  0.9831
0   1392.5  0.9808
0   1395.0  0.9788
0   1397.5  0.9768
0   1400.0  0.9747
0   1402.5  0.9725
0   1405.0  0.9698
0   1407.5  0.9667
0   1410.0  0.9644
0   1412.5  0.9612
0   1415.0  0.9585
0   1417.5  0.9547
0   1420.0  0.9506
0   1422.5  0.9465
0   1425.0  0.9413
0   1427.5  0.9355
0   1430.0  0.9304
0   1432.5  0.9233
0   1435.0  0.9168
0   1437.5  0.9076
0   1440.0  0.8963
0   1442.5  0.886
0   1445.0  0.8725
0   1447.5  0.8579
0   1450.0  0.845
0   1452.5  0.8283
0   1455.0  0.8128
0   1457.5  0.7939
0   1460.0  0.7745
0   1462.5  0.7572
0   1465.0  0.7366
0   1467.5  0.7119
0   1470.0  0.6935
0   1472.5  0.6708
0   1475.0  0.6503
0   1477.5  0.6259
0   1480.0  0.6001
0   1482.5  0.5795
0   1485.0  0.5526
0   1487.5  0.5275
0   1490.0  0.5075
0   1492.5  0.4819
0   1495.0  0.4595
0   1497.5  0.434
0   1500.0  0.4092
0   1502.5  0.3902
0   1505.0  0.3664
0   1507.5  0.3422
0   1510.0  0.3232
0   1512.5  0.3006
0   1515.0  0.2821
0   1517.5  0.2614
0   1520.0  0.2412
0   1522.5  0.225
0   1525.0  0.2058
0   1527.5  0.1869
0   1530.0  0.1719
0   1532.5  0.1556
0   1535.0  0.1415
0   1537.5  0.1264
0   1540.0  0.1122
0   1542.5  0.101
0   1545.0  0.0893
0   1547.5  0.0775
0   1550.0  0.0691
0   1552.5  0.059
0   1555.0  0.0516
0   1557.5  0.0424
0   1560.0  0.0352
0   1562.5  0.0298
0   1565.0  0.0241
0   1567.5  0.0197
0   1570.0  0.0165
0   1572.5  0.013
0   1575.0  0.0102
0   1577.5  0.0073
0   1580.0  0.0048
0   1582.5  0.0033
0   1585.0  0.0019
0   1587.5  0.0011
0   1590.0  0.0006
0   1592.5  0.0004
0   1595.0  0.0003
0   1597.5  0.0001
0   1600.0  0.0
12  113  1320.0 1600.0 D2Up
0   1320.0  1.0105
0   1322.5  1.0102
0   1325.0  1.0099
0   1327.5  1.0097
0   1330.0  1.0093
0   1332.5  1.009
0   1335.0  1.0087
0   1337.5  1.0084
0   1340.0  1.0079
0   1342.5  1.0075
0   1345.0  1.0069
0   1347.5  1.0063
0   1350.0  1.0057
0   1352.5  1.0049
0   1355.0  1.0043
0   1357.5  1.0033
0   1360.0  1.0023
0   1362.5  1.0014
0   1365.0  1.0005
0   1367.5  0.9993
0   1370.0  0.9982
0   1372.5  0.997
0   1375.0  0.9958
0   1377.5  0.9942
0   1380.0  0.9927
0   1382.5  0.991
0   1385.0  0.9891
0   1387.5  0.9871
0   1390.0  0.9856
0   1392.5  0.9837
0   1395.0  0.9817
0   1397.5  0.9795
0   1400.0  0.9769
0   1402.5  0.9745
0   1405.0  0.9721
0   1407.5  0.9691
0   1410.0  0.9667
0   1412.5  0.9635
0   1415.0  0.9607
0   1417.5  0.9572
0   1420.0  0.9526
0   1422.5  0.9489
0   1425.0  0.9443
0   1427.5  0.9394
0   1430.0  0.9343
0   1432.5  0.9273
0   1435.0  0.9212
0   1437.5  0.9117
0   1440.0  0.9013
0   1442.5  0.8919
0   1445.0  0.8797
0   1447.5  0.865
0   1450.0  0.8537
0   1452.5  0.8389
0   1455.0  0.8242
0   1457.5  0.8053
0   1460.0  0.7862
0   1462.5  0.7698
0   1465.0  0.7486
0   1467.5  0.7265
0   1470.0  0.7082
0   1472.5  0.686
0   1475.0  0.6651
0   1477.5  0.6405
0   1480.0  0.6152
0   1482.5  0.5946
0   1485.0  0.5697
0   1487.5  0.5439
0   1490.0  0.522
0   1492.5  0.4963
0   1495.0  0.4749
0   1497.5  0.4481
0   1500.0  0.4222
0   1502.5  0.4005
0   1505.0  0.3743
0   1507.5  0.3494
0   1510.0  0.3274
0   1512.5  0.3046
0   1515.0  0.2846
0   1517.5  0.2626
0   1520.0  0.2402
0   1522.5  0.2235
0   1525.0  0.2045
0   1527.5  0.1863
0   1530.0  0.1717
0   1532.5  0.1545
0   1535.0  0.1417
0   1537.5  0.1258
0   1540.0  0.1116
0   1542.5  0.1008
0   1545.0  0.0879
0   1547.5  0.0763
0   1550.0  0.0675
0   1552.5  0.0575
0   1555.0  0.0503
0   1557.5  0.0423
0   1560.0  0.0358
0   1562.5  0.0304
0   1565.0  0.0251
0   1567.5  0.0199
0   1570.0  0.0166
0   1572.5  0.013
0   1575.0  0.0104
0   1577.5  0.0072
0   1580.0  0.005
0   1582.5  0.0034
0   1585.0  0.002
0   1587.5  0.0014
0   1590.0  0.0009
0   1592.5  0.0005
0   1595.0  0.0003
0   1597.5  0.0001
0   1600.0  0.0
13  109  1200.0 1470.0 D3pVp
0   1200.0  1.0
0   1202.5  0.9986
0   1205.0  0.9967
0   1207.5  0.9953
0   1210.0  0.9941
0   1212.5  0.9926
0   1215.0  0.9915
0   1217.5  0.9904
0   1220.0  0.9886
0   1222.5  0.9872
0   1225.0  0.9854
0   1227.5  0.9838
0   1230.0  0.9828
0   1232.5  0.9813
0   1235.0  0.98
0   1237.5  0.979
0   1240.0  0.9776
0   1242.5  0.9764
0   1245.0  0.9748
0   1247.5  0.9736
0   1250.0  0.9723
0   1252.5  0.9705
0   1255.0  0.9693
0   1257.5  0.9675
0   1260.0  0.9657
0   1262.5  0.9641
0   1265.0  0.9622
0   1267.5  0.9604
0   1270.0  0.9581
0   1272.5  0.9554
0   1275.0  0.9537
0   1277.5  0.9507
0   1280.0  0.9485
0   1282.5  0.9465
0   1285.0  0.9431
0   1287.5  0.94
0   1290.0  0.9357
0   1292.5  0.9313
0   1295.0  0.9271
0   1297.5  0.921
0   1300.0  0.9137
0   1302.5  0.9069
0   1305.0  0.8976
0   1307.5  0.8877
0   1310.0  0.8774
0   1312.5  0.8658
0   1315.0  0.8547
0   1317.5  0.8394
0   1320.0  0.8235
0   1322.5  0.8095
0   1325.0  0.7932
0   1327.5  0.7753
0   1330.0  0.7597
0   1332.5  0.7428
0   1335.0  0.727
0   1337.5  0.7089
0   1340.0  0.6904
0   1342.5  0.6748
0   1345.0  0.6544
0   1347.5  0.6332
0   1350.0  0.616
0   1352.5  0.5962
0   1355.0  0.579
0   1357.5  0.5571
0   1360.0  0.5348
0   1362.5  0.5172
0   1365.0  0.4937
0   1367.5  0.4706
0   1370.0  0.4524
0   1372.5  0.4284
0   1375.0  0.4095
0   1377.5  0.3873
0   1380.0  0.3637
0   1382.5  0.3446
0   1385.0  0.3211
0   1387.5  0.299
0   1390.0  0.2812
0   1392.5  0.2607
0   1395.0  0.2426
0   1397.5  0.2206
0   1400.0  0.2002
0   1402.5  0.1849
0   1405.0  0.1663
0   1407.5  0.1495
0   1410.0  0.1362
0   1412.5  0.1206
0   1415.0  0.1094
0   1417.5  0.096
0   1420.0  0.0848
0   1422.5  0.0764
0   1425.0  0.0678
0   1427.5  0.0588
0   1430.0  0.0527
0   1432.5  0.0454
0   1435.0  0.0404
0   1437.5  0.0346
0   1440.0  0.0292
0   1442.5  0.0247
0   1445.0  0.02
0   1447.5  0.0152
0   1450.0  0.0116
0   1452.5  0.0081
0   1455.0  0.0058
0   1457.5  0.003
0   1460.0  0.001
0   1462.5  0.0006
0   1465.0  0.0002
0   1467.5  0.0
0   1470.0  0.0
14  109  1200.0 1470.0 D3pV
0   1200.0  1.0
0   1202.5  0.9987
0   1205.0  0.997
0   1207.5  0.9955
0   1210.0  0.9936
0   1212.5  0.992
0   1215.0  0.9906
0   1217.5  0.9891
0   1220.0  0.9876
0   1222.5  0.9861
0   1225.0  0.9848
0   1227.5  0.9835
0   1230.0  0.9817
0   1232.5  0.9803
0   1235.0  0.9789
0   1237.5  0.9773
0   1240.0  0.9759
0   1242.5  0.9744
0   1245.0  0.9725
0   1247.5  0.9708
0   1250.0  0.9693
0   1252.5  0.9677
0   1255.0  0.9662
0   1257.5  0.9644
0   1260.0  0.9623
0   1262.5  0.9606
0   1265.0  0.9582
0   1267.5  0.956
0   1270.0  0.9541
0   1272.5  0.9516
0   1275.0  0.9496
0   1277.5  0.9466
0   1280.0  0.9435
0   1282.5  0.9406
0   1285.0  0.9371
0   1287.5  0.9331
0   1290.0  0.9294
0   1292.5  0.9247
0   1295.0  0.9202
0   1297.5  0.913
0   1300.0  0.9054
0   1302.5  0.8977
0   1305.0  0.8885
0   1307.5  0.8783
0   1310.0  0.8681
0   1312.5  0.8563
0   1315.0  0.8445
0   1317.5  0.8307
0   1320.0  0.816
0   1322.5  0.8024
0   1325.0  0.7846
0   1327.5  0.7678
0   1330.0  0.7538
0   1332.5  0.7359
0   1335.0  0.7217
0   1337.5  0.7037
0   1340.0  0.6851
0   1342.5  0.669
0   1345.0  0.6504
0   1347.5  0.6305
0   1350.0  0.6145
0   1352.5  0.593
0   1355.0  0.576
0   1357.5  0.5549
0   1360.0  0.5326
0   1362.5  0.5143
0   1365.0  0.4919
0   1367.5  0.4706
0   1370.0  0.4518
0   1372.5  0.4295
0   1375.0  0.4121
0   1377.5  0.392
0   1380.0  0.3708
0   1382.5  0.3517
0   1385.0  0.3304
0   1387.5  0.3088
0   1390.0  0.2899
0   1392.5  0.2699
0   1395.0  0.2528
0   1397.5  0.233
0   1400.0  0.2138
0   1402.5  0.1976
0   1405.0  0.1792
0   1407.5  0.1617
0   1410.0  0.1494
0   1412.5  0.1332
0   1415.0  0.1207
0   1417.5  0.1064
0   1420.0  0.0939
0   1422.5  0.0854
0   1425.0  0.0746
0   1427.5  0.0655
0   1430.0  0.0585
0   1432.5  0.0512
0   1435.0  0.0461
0   1437.5  0.0403
0   1440.0  0.0344
0   1442.5  0.0295
0   1445.0  0.024
0   1447.5  0.0181
0   1450.0  0.014
0   1452.5  0.0099
0   1455.0  0.0067
0   1457.5  0.0034
0   1460.0  0.0014
0   1462.5  0.0007
0   1465.0  0.0003
0   1467.5  0.0
0   1470.0  0.0
15  109  1200.0 1470.0 D3pXp
0   1200.0  1.0
0   1202.5  0.9992
0   1205.0  0.9982
0   1207.5  0.9973
0   1210.0  0.9964
0   1212.5  0.9955
0   1215.0  0.9947
0   1217.5  0.994
0   1220.0  0.9931
0   1222.5  0.9922
0   1225.0  0.9914
0   1227.5  0.9906
0   1230.0  0.99
0   1232.5  0.9893
0   1235.0  0.9884
0   1237.5  0.9874
0   1240.0  0.9859
0   1242.5  0.9851
0   1245.0  0.9844
0   1247.5  0.9833
0   1250.0  0.9824
0   1252.5  0.9812
0   1255.0  0.9801
0   1257.5  0.9784
0   1260.0  0.9773
0   1262.5  0.9756
0   1265.0  0.9739
0   1267.5  0.9722
0   1270.0  0.9708
0   1272.5  0.9687
0   1275.0  0.967
0   1277.5  0.9644
0   1280.0  0.9618
0   1282.5  0.9593
0   1285.0  0.9563
0   1287.5  0.9524
0   1290.0  0.9493
0   1292.5  0.9444
0   1295.0  0.9402
0   1297.5  0.9337
0   1300.0  0.9267
0   1302.5  0.9198
0   1305.0  0.9105
0   1307.5  0.9004
0   1310.0  0.8908
0   1312.5  0.8789
0   1315.0  0.8681
0   1317.5  0.855
0   1320.0  0.84
0   1322.5  0.8275
0   1325.0  0.8113
0   1327.5  0.7942
0   1330.0  0.7805
0   1332.5  0.7625
0   1335.0  0.7475
0   1337.5  0.7302
0   1340.0  0.712
0   1342.5  0.6977
0   1345.0  0.6784
0   1347.5  0.6583
0   1350.0  0.6423
0   1352.5  0.6232
0   1355.0  0.6076
0   1357.5  0.5892
0   1360.0  0.5695
0   1362.5  0.5522
0   1365.0  0.5329
0   1367.5  0.5115
0   1370.0  0.4936
0   1372.5  0.4739
0   1375.0  0.4558
0   1377.5  0.4346
0   1380.0  0.4137
0   1382.5  0.3957
0   1385.0  0.3757
0   1387.5  0.3559
0   1390.0  0.339
0   1392.5  0.3177
0   1395.0  0.2989
0   1397.5  0.278
0   1400.0  0.2576
0   1402.5  0.2406
0   1405.0  0.2212
0   1407.5  0.2028
0   1410.0  0.1885
0   1412.5  0.1714
0   1415.0  0.157
0   1417.5  0.1411
0   1420.0  0.1259
0   1422.5  0.1139
0   1425.0  0.1013
0   1427.5  0.0897
0   1430.0  0.0815
0   1432.5  0.0716
0   1435.0  0.0638
0   1437.5  0.0551
0   1440.0  0.0471
0   1442.5  0.0402
0   1445.0  0.0333
0   1447.5  0.026
0   1450.0  0.0199
0   1452.5  0.0132
0   1455.0  0.0087
0   1457.5  0.0041
0   1460.0  0.0016
0   1462.5  0.0005
0   1465.0  0.0002
0   1467.5  0.0
0   1470.0  0.0
16  109  1200.0 1470.0 D3pX
0   1200.0  1.0
0   1202.5  0.999
0   1205.0  0.9976
0   1207.5  0.9963
0   1210.0  0.9954
0   1212.5  0.9944
0   1215.0  0.9934
0   1217.5  0.9925
0   1220.0  0.9916
0   1222.5  0.9907
0   1225.0  0.9898
0   1227.5  0.9886
0   1230.0  0.988
0   1232.5  0.9871
0   1235.0  0.9863
0   1237.5  0.9854
0   1240.0  0.9843
0   1242.5  0.983
0   1245.0  0.9818
0   1247.5  0.9805
0   1250.0  0.9796
0   1252.5  0.9785
0   1255.0  0.9777
0   1257.5  0.9764
0   1260.0  0.9747
0   1262.5  0.9736
0   1265.0  0.972
0   1267.5  0.9699
0   1270.0  0.9682
0   1272.5  0.9657
0   1275.0  0.9641
0   1277.5  0.9611
0   1280.0  0.9583
0   1282.5  0.9554
0   1285.0  0.9521
0   1287.5  0.9482
0   1290.0  0.944
0   1292.5  0.9388
0   1295.0  0.9331
0   1297.5  0.9269
0   1300.0  0.9178
0   1302.5  0.9105
0   1305.0  0.9003
0   1307.5  0.8887
0   1310.0  0.8792
0   1312.5  0.8658
0   1315.0  0.8542
0   1317.5  0.8393
0   1320.0  0.8235
0   1322.5  0.8104
0   1325.0  0.7927
0   1327.5  0.7747
0   1330.0  0.7608
0   1332.5  0.743
0   1335.0  0.7278
0   1337.5  0.7087
0   1340.0  0.6906
0   1342.5  0.6741
0   1345.0  0.6551
0   1347.5  0.6341
0   1350.0  0.6177
0   1352.5  0.5985
0   1355.0  0.5821
0   1357.5  0.5625
0   1360.0  0.5429
0   1362.5  0.5264
0   1365.0  0.5043
0   1367.5  0.4825
0   1370.0  0.4658
0   1372.5  0.4447
0   1375.0  0.4272
0   1377.5  0.4062
0   1380.0  0.3852
0   1382.5  0.3677
0   1385.0  0.3473
0   1387.5  0.3269
0   1390.0  0.3093
0   1392.5  0.2888
0   1395.0  0.2736
0   1397.5  0.2536
0   1400.0  0.2345
0   1402.5  0.2195
0   1405.0  0.2017
0   1407.5  0.1843
0   1410.0  0.1695
0   1412.5  0.1537
0   1415.0  0.1406
0   1417.5  0.1264
0   1420.0  0.1118
0   1422.5  0.1016
0   1425.0  0.0908
0   1427.5  0.0803
0   1430.0  0.0721
0   1432.5  0.0633
0   1435.0  0.0561
0   1437.5  0.049
0   1440.0  0.0423
0   1442.5  0.0358
0   1445.0  0.0284
0   1447.5  0.0229
0   1450.0  0.0177
0   1452.5  0.0115
0   1455.0  0.0077
0   1457.5  0.0037
0   1460.0  0.0014
0   1462.5  0.0006
0   1465.0  0.0002
0   1467.5  0.0001
0   1470.0  0.0
17  109  1200.0 1470.0 D3pUp
0   1200.0  1.0
0   1202.5  0.9989
0   1205.0  0.9973
0   1207.5  0.9961
0   1210.0  0.9949
0   1212.5  0.9936
0   1215.0  0.9925
0   1217.5  0.9913
0   1220.0  0.9897
0   1222.5  0.989
0   1225.0  0.9877
0   1227.5  0.9867
0   1230.0  0.9855
0   1232.5  0.9843
0   1235.0  0.9831
0   1237.5  0.982
0   1240.0  0.9805
0   1242.5  0.979
0   1245.0  0.9776
0   1247.5  0.9763
0   1250.0  0.9752
0   1252.5  0.9733
0   1255.0  0.9722
0   1257.5  0.9704
0   1260.0  0.9686
0   1262.5  0.9674
0   1265.0  0.9658
0   1267.5  0.9641
0   1270.0  0.9622
0   1272.5  0.9599
0   1275.0  0.9578
0   1277.5  0.9548
0   1280.0  0.9519
0   1282.5  0.9494
0   1285.0  0.9457
0   1287.5  0.9417
0   1290.0  0.9377
0   1292.5  0.9318
0   1295.0  0.9263
0   1297.5  0.9189
0   1300.0  0.91
0   1302.5  0.9024
0   1305.0  0.8928
0   1307.5  0.8815
0   1310.0  0.8715
0   1312.5  0.8579
0   1315.0  0.8465
0   1317.5  0.8315
0   1320.0  0.8158
0   1322.5  0.8027
0   1325.0  0.7856
0   1327.5  0.7679
0   1330.0  0.7533
0   1332.5  0.7348
0   1335.0  0.7196
0   1337.5  0.7005
0   1340.0  0.6823
0   1342.5  0.6661
0   1345.0  0.6463
0   1347.5  0.6273
0   1350.0  0.6107
0   1352.5  0.5903
0   1355.0  0.575
0   1357.5  0.5546
0   1360.0  0.534
0   1362.5  0.5168
0   1365.0  0.4959
0   1367.5  0.4751
0   1370.0  0.4574
0   1372.5  0.4351
0   1375.0  0.4177
0   1377.5  0.3977
0   1380.0  0.3754
0   1382.5  0.3563
0   1385.0  0.3354
0   1387.5  0.3139
0   1390.0  0.2951
0   1392.5  0.2748
0   1395.0  0.2581
0   1397.5  0.2365
0   1400.0  0.2169
0   1402.5  0.2012
0   1405.0  0.1836
0   1407.5  0.1667
0   1410.0  0.1525
0   1412.5  0.1354
0   1415.0  0.1229
0   1417.5  0.1101
0   1420.0  0.0973
0   1422.5  0.087
0   1425.0  0.0769
0   1427.5  0.0683
0   1430.0  0.0618
0   1432.5  0.054
0   1435.0  0.0476
0   1437.5  0.0408
0   1440.0  0.0347
0   1442.5  0.0299
0   1445.0  0.0238
0   1447.5  0.0181
0   1450.0  0.0139
0   1452.5  0.0095
0   1455.0  0.0059
0   1457.5  0.0029
0   1460.0  0.0016
0   1462.5  0.0008
0   1465.0  0.0004
0   1467.5  0.0
0   1470.0  0.0
18  109  1200.0 1470.0 D3pU
0   1200.0  1.0
0   1202.5  0.9988
0   1205.0  0.997
0   1207.5  0.9954
0   1210.0  0.9944
0   1212.5  0.9934
0   1215.0  0.9922
0   1217.5  0.9908
0   1220.0  0.9896
0   1222.5  0.9887
0   1225.0  0.9873
0   1227.5  0.9864
0   1230.0  0.9853
0   1232.5  0.9838
0   1235.0  0.9828
0   1237.5  0.9814
0   1240.0  0.9799
0   1242.5  0.9788
0   1245.0  0.9774
0   1247.5  0.9764
0   1250.0  0.9752
0   1252.5  0.9739
0   1255.0  0.9724
0   1257.5  0.9711
0   1260.0  0.9696
0   1262.5  0.9683
0   1265.0  0.9664
0   1267.5  0.9644
0   1270.0  0.9626
0   1272.5  0.9605
0   1275.0  0.9584
0   1277.5  0.9558
0   1280.0  0.9532
0   1282.5  0.9508
0   1285.0  0.9473
0   1287.5  0.9433
0   1290.0  0.9399
0   1292.5  0.9346
0   1295.0  0.9296
0   1297.5  0.9227
0   1300.0  0.9152
0   1302.5  0.9081
0   1305.0  0.8987
0   1307.5  0.8884
0   1310.0  0.8784
0   1312.5  0.8666
0   1315.0  0.8551
0   1317.5  0.8415
0   1320.0  0.8266
0   1322.5  0.8128
0   1325.0  0.7971
0   1327.5  0.7822
0   1330.0  0.7687
0   1332.5  0.75
0   1335.0  0.7346
0   1337.5  0.7159
0   1340.0  0.6976
0   1342.5  0.6809
0   1345.0  0.6614
0   1347.5  0.6418
0   1350.0  0.6251
0   1352.5  0.6034
0   1355.0  0.5852
0   1357.5  0.5638
0   1360.0  0.5425
0   1362.5  0.5248
0   1365.0  0.503
0   1367.5  0.4822
0   1370.0  0.4637
0   1372.5  0.4409
0   1375.0  0.4218
0   1377.5  0.3992
0   1380.0  0.3772
0   1382.5  0.3573
0   1385.0  0.3348
0   1387.5  0.3113
0   1390.0  0.2941
0   1392.5  0.2726
0   1395.0  0.2549
0   1397.5  0.2339
0   1400.0  0.2131
0   1402.5  0.196
0   1405.0  0.1778
0   1407.5  0.1611
0   1410.0  0.1476
0   1412.5  0.1293
0   1415.0  0.1165
0   1417.5  0.1037
0   1420.0  0.0908
0   1422.5  0.0819
0   1425.0  0.0717
0   1427.5  0.0636
0   1430.0  0.0567
0   1432.5  0.0492
0   1435.0  0.0437
0   1437.5  0.0368
0   1440.0  0.0306
0   1442.5  0.026
0   1445.0  0.0205
0   1447.5  0.0158
0   1450.0  0.012
0   1452.5  0.0078
0   1455.0  0.0048
0   1457.5  0.0025
0   1460.0  0.001
0   1462.5  0.0006
0   1465.0  0.0002
0   1467.5  0.0
0   1470.0  0.0
19  85  1380.0 1590.0 D3mVp
0   1380.0  1.0
0   1382.5  1.0
0   1385.0  1.0
0   1387.5  0.9998
0   1390.0  0.9986
0   1392.5  0.9964
0   1395.0  0.9945
0   1397.5  0.9917
0   1400.0  0.9891
0   1402.5  0.9868
0   1405.0  0.9837
0   1407.5  0.9805
0   1410.0  0.9773
0   1412.5  0.9724
0   1415.0  0.9683
0   1417.5  0.9627
0   1420.0  0.9558
0   1422.5  0.9497
0   1425.0  0.9415
0   1427.5  0.9319
0   1430.0  0.924
0   1432.5  0.9132
0   1435.0  0.9021
0   1437.5  0.8872
0   1440.0  0.8718
0   1442.5  0.8574
0   1445.0  0.8384
0   1447.5  0.8197
0   1450.0  0.8023
0   1452.5  0.7798
0   1455.0  0.762
0   1457.5  0.7399
0   1460.0  0.7158
0   1462.5  0.696
0   1465.0  0.6716
0   1467.5  0.6478
0   1470.0  0.6273
0   1472.5  0.6025
0   1475.0  0.5822
0   1477.5  0.558
0   1480.0  0.5329
0   1482.5  0.512
0   1485.0  0.4879
0   1487.5  0.4635
0   1490.0  0.4436
0   1492.5  0.4202
0   1495.0  0.402
0   1497.5  0.3791
0   1500.0  0.3556
0   1502.5  0.3369
0   1505.0  0.3159
0   1507.5  0.2958
0   1510.0  0.2792
0   1512.5  0.2597
0   1515.0  0.2451
0   1517.5  0.2264
0   1520.0  0.2088
0   1522.5  0.1947
0   1525.0  0.1786
0   1527.5  0.1633
0   1530.0  0.1521
0   1532.5  0.1391
0   1535.0  0.1278
0   1537.5  0.1158
0   1540.0  0.1048
0   1542.5  0.0963
0   1545.0  0.0858
0   1547.5  0.0769
0   1550.0  0.0699
0   1552.5  0.0619
0   1555.0  0.0561
0   1557.5  0.0495
0   1560.0  0.0429
0   1562.5  0.0382
0   1565.0  0.0327
0   1567.5  0.0268
0   1570.0  0.0227
0   1572.5  0.0173
0   1575.0  0.0129
0   1577.5  0.0085
0   1580.0  0.0046
0   1582.5  0.0027
0   1585.0  0.0007
0   1587.5  0.0001
0   1590.0  0.0
20  85  1380.0 1590.0 D3mV
0   1380.0  1.0
0   1382.5  1.0
0   1385.0  1.0
0   1387.5  0.9996
0   1390.0  0.9988
0   1392.5  0.9974
0   1395.0  0.996
0   1397.5  0.994
0   1400.0  0.9916
0   1402.5  0.9895
0   1405.0  0.9868
0   1407.5  0.9832
0   1410.0  0.9802
0   1412.5  0.9761
0   1415.0  0.9722
0   1417.5  0.9668
0   1420.0  0.961
0   1422.5  0.9552
0   1425.0  0.9476
0   1427.5  0.9377
0   1430.0  0.9284
0   1432.5  0.916
0   1435.0  0.9045
0   1437.5  0.8902
0   1440.0  0.8746
0   1442.5  0.8609
0   1445.0  0.8419
0   1447.5  0.8221
0   1450.0  0.8053
0   1452.5  0.7839
0   1455.0  0.7648
0   1457.5  0.7426
0   1460.0  0.7197
0   1462.5  0.6984
0   1465.0  0.6755
0   1467.5  0.6519
0   1470.0  0.6321
0   1472.5  0.6077
0   1475.0  0.5887
0   1477.5  0.5659
0   1480.0  0.542
0   1482.5  0.5215
0   1485.0  0.4972
0   1487.5  0.4747
0   1490.0  0.4547
0   1492.5  0.4315
0   1495.0  0.413
0   1497.5  0.3921
0   1500.0  0.3704
0   1502.5  0.3534
0   1505.0  0.3315
0   1507.5  0.3105
0   1510.0  0.2945
0   1512.5  0.2762
0   1515.0  0.2613
0   1517.5  0.243
0   1520.0  0.2249
0   1522.5  0.2116
0   1525.0  0.1958
0   1527.5  0.1806
0   1530.0  0.1685
0   1532.5  0.154
0   1535.0  0.1431
0   1537.5  0.1305
0   1540.0  0.118
0   1542.5  0.1088
0   1545.0  0.0976
0   1547.5  0.087
0   1550.0  0.0794
0   1552.5  0.0711
0   1555.0  0.0647
0   1557.5  0.0573
0   1560.0  0.0489
0   1562.5  0.0439
0   1565.0  0.0371
0   1567.5  0.0309
0   1570.0  0.0256
0   1572.5  0.0198
0   1575.0  0.015
0   1577.5  0.0097
0   1580.0  0.0055
0   1582.5  0.0026
0   1585.0  0.0007
0   1587.5  0.0002
0   1590.0  0.0
21  85  1380.0 1590.0 D3mXp
0   1380.0  1.0
0   1382.5  1.0
0   1385.0  1.0
0   1387.5  0.9998
0   1390.0  0.9989
0   1392.5  0.9972
0   1395.0  0.9954
0   1397.5  0.9934
0   1400.0  0.991
0   1402.5  0.9889
0   1405.0  0.9865
0   1407.5  0.9835
0   1410.0  0.9805
0   1412.5  0.9764
0   1415.0  0.9729
0   1417.5  0.9674
0   1420.0  0.9613
0   1422.5  0.9553
0   1425.0  0.9471
0   1427.5  0.9389
0   1430.0  0.9303
0   1432.5  0.9191
0   1435.0  0.9092
0   1437.5  0.8955
0   1440.0  0.8804
0   1442.5  0.8667
0   1445.0  0.8492
0   1447.5  0.8293
0   1450.0  0.813
0   1452.5  0.7915
0   1455.0  0.7732
0   1457.5  0.75
0   1460.0  0.7256
0   1462.5  0.7072
0   1465.0  0.6842
0   1467.5  0.6603
0   1470.0  0.6402
0   1472.5  0.6162
0   1475.0  0.5956
0   1477.5  0.5726
0   1480.0  0.5494
0   1482.5  0.5286
0   1485.0  0.5055
0   1487.5  0.4814
0   1490.0  0.4619
0   1492.5  0.4388
0   1495.0  0.4193
0   1497.5  0.3977
0   1500.0  0.3754
0   1502.5  0.3578
0   1505.0  0.3363
0   1507.5  0.315
0   1510.0  0.2984
0   1512.5  0.2788
0   1515.0  0.2628
0   1517.5  0.2445
0   1520.0  0.2275
0   1522.5  0.2137
0   1525.0  0.1979
0   1527.5  0.1826
0   1530.0  0.1701
0   1532.5  0.1561
0   1535.0  0.1441
0   1537.5  0.1301
0   1540.0  0.1173
0   1542.5  0.1076
0   1545.0  0.0966
0   1547.5  0.0865
0   1550.0  0.0788
0   1552.5  0.0695
0   1555.0  0.063
0   1557.5  0.0551
0   1560.0  0.0486
0   1562.5  0.043
0   1565.0  0.0371
0   1567.5  0.0307
0   1570.0  0.0255
0   1572.5  0.0192
0   1575.0  0.0145
0   1577.5  0.0098
0   1580.0  0.0055
0   1582.5  0.0028
0   1585.0  0.0009
0   1587.5  0.0002
0   1590.0  0.0
22  85  1380.0 1590.0 D3mX
0   1380.0  1.0
0   1382.5  1.0
0   1385.0  1.0
0   1387.5  0.9998
0   1390.0  0.999
0   1392.5  0.9975
0   1395.0  0.9958
0   1397.5  0.9934
0   1400.0  0.9908
0   1402.5  0.9886
0   1405.0  0.986
0   1407.5  0.9832
0   1410.0  0.9802
0   1412.5  0.9767
0   1415.0  0.9733
0   1417.5  0.9682
0   1420.0  0.9619
0   1422.5  0.9559
0   1425.0  0.9479
0   1427.5  0.9392
0   1430.0  0.9315
0   1432.5  0.9192
0   1435.0  0.9084
0   1437.5  0.8947
0   1440.0  0.8793
0   1442.5  0.8652
0   1445.0  0.8482
0   1447.5  0.8281
0   1450.0  0.8112
0   1452.5  0.7895
0   1455.0  0.7715
0   1457.5  0.7485
0   1460.0  0.7253
0   1462.5  0.705
0   1465.0  0.6802
0   1467.5  0.6561
0   1470.0  0.6362
0   1472.5  0.6121
0   1475.0  0.5919
0   1477.5  0.5686
0   1480.0  0.545
0   1482.5  0.5258
0   1485.0  0.5013
0   1487.5  0.4776
0   1490.0  0.4584
0   1492.5  0.4359
0   1495.0  0.4176
0   1497.5  0.3947
0   1500.0  0.372
0   1502.5  0.3545
0   1505.0  0.3335
0   1507.5  0.3138
0   1510.0  0.2969
0   1512.5  0.2782
0   1515.0  0.262
0   1517.5  0.2446
0   1520.0  0.2269
0   1522.5  0.2133
0   1525.0  0.1969
0   1527.5  0.1812
0   1530.0  0.169
0   1532.5  0.155
0   1535.0  0.1439
0   1537.5  0.1312
0   1540.0  0.1193
0   1542.5  0.1093
0   1545.0  0.0994
0   1547.5  0.0887
0   1550.0  0.0803
0   1552.5  0.0717
0   1555.0  0.0649
0   1557.5  0.0575
0   1560.0  0.0498
0   1562.5  0.0438
0   1565.0  0.0373
0   1567.5  0.031
0   1570.0  0.0254
0   1572.5  0.0197
0   1575.0  0.0149
0   1577.5  0.0095
0   1580.0  0.0053
0   1582.5  0.0025
0   1585.0  0.0008
0   1587.5  0.0002
0   1590.0  0.0
23  85  1380.0 1590.0 D3mUp
0   1380.0  1.0
0   1382.5  1.0
0   1385.0  1.0
0   1387.5  0.9997
0   1390.0  0.9988
0   1392.5  0.9969
0   1395.0  0.9953
0   1397.5  0.9928
0   1400.0  0.9906
0   1402.5  0.9886
0   1405.0  0.9858
0   1407.5  0.9825
0   1410.0  0.9792
0   1412.5  0.975
0   1415.0  0.9713
0   1417.5  0.9662
0   1420.0  0.9605
0   1422.5  0.9552
0   1425.0  0.9479
0   1427.5  0.9385
0   1430.0  0.9304
0   1432.5  0.9191
0   1435.0  0.9085
0   1437.5  0.8941
0   1440.0  0.879
0   1442.5  0.8643
0   1445.0  0.8452
0   1447.5  0.825
0   1450.0  0.8098
0   1452.5  0.7883
0   1455.0  0.7698
0   1457.5  0.7478
0   1460.0  0.7249
0   1462.5  0.7063
0   1465.0  0.6829
0   1467.5  0.6591
0   1470.0  0.6391
0   1472.5  0.615
0   1475.0  0.5955
0   1477.5  0.5714
0   1480.0  0.5472
0   1482.5  0.5265
0   1485.0  0.5019
0   1487.5  0.4791
0   1490.0  0.4605
0   1492.5  0.437
0   1495.0  0.4183
0   1497.5  0.3943
0   1500.0  0.373
0   1502.5  0.3545
0   1505.0  0.3329
0   1507.5  0.3122
0   1510.0  0.2945
0   1512.5  0.2756
0   1515.0  0.2597
0   1517.5  0.2421
0   1520.0  0.2254
0   1522.5  0.2125
0   1525.0  0.1963
0   1527.5  0.181
0   1530.0  0.1678
0   1532.5  0.1533
0   1535.0  0.1424
0   1537.5  0.1294
0   1540.0  0.117
0   1542.5  0.1078
0   1545.0  0.0974
0   1547.5  0.0877
0   1550.0  0.08
0   1552.5  0.0717
0   1555.0  0.0644
0   1557.5  0.0572
0   1560.0  0.05
0   1562.5  0.0442
0   1565.0  0.0379
0   1567.5  0.0313
0   1570.0  0.0258
0   1572.5  0.0197
0   1575.0  0.0148
0   1577.5  0.0091
0   1580.0  0.0052
0   1582.5  0.0025
0   1585.0  0.0009
0   1587.5  0.0002
0   1590.0  0.0
24  85  1380.0 1590.0 D3mU
0   1380.0  1.0
0   1382.5  1.0
0   1385.0  1.0
0   1387.5  0.9998
0   1390.0  0.9986
0   1392.5  0.9966
0   1395.0  0.9943
0   1397.5  0.9921
0   1400.0  0.9896
0   1402.5  0.9872
0   1405.0  0.984
0   1407.5  0.9803
0   1410.0  0.9772
0   1412.5  0.9736
0   1415.0  0.9697
0   1417.5  0.9644
0   1420.0  0.9579
0   1422.5  0.9516
0   1425.0  0.9422
0   1427.5  0.9324
0   1430.0  0.9235
0   1432.5  0.9119
0   1435.0  0.9016
0   1437.5  0.887
0   1440.0  0.8717
0   1442.5  0.8575
0   1445.0  0.8383
0   1447.5  0.8182
0   1450.0  0.8017
0   1452.5  0.7803
0   1455.0  0.7616
0   1457.5  0.7386
0   1460.0  0.715
0   1462.5  0.6956
0   1465.0  0.6713
0   1467.5  0.6465
0   1470.0  0.6264
0   1472.5  0.6027
0   1475.0  0.5822
0   1477.5  0.5584
0   1480.0  0.5337
0   1482.5  0.5131
0   1485.0  0.488
0   1487.5  0.4645
0   1490.0  0.4454
0   1492.5  0.4211
0   1495.0  0.4017
0   1497.5  0.3789
0   1500.0  0.3552
0   1502.5  0.337
0   1505.0  0.3162
0   1507.5  0.2945
0   1510.0  0.2777
0   1512.5  0.2575
0   1515.0  0.2414
0   1517.5  0.2233
0   1520.0  0.2055
0   1522.5  0.1918
0   1525.0  0.1764
0   1527.5  0.1609
0   1530.0  0.1488
0   1532.5  0.1351
0   1535.0  0.1252
0   1537.5  0.1132
0   1540.0  0.102
0   1542.5  0.0928
0   1545.0  0.0832
0   1547.5  0.0738
0   1550.0  0.0667
0   1552.5  0.0592
0   1555.0  0.0524
0   1557.5  0.0459
0   1560.0  0.0405
0   1562.5  0.0355
0   1565.0  0.0303
0   1567.5  0.0248
0   1570.0  0.0211
0   1572.5  0.0163
0   1575.0  0.0124
0   1577.5  0.0079
0   1580.0  0.0042
0   1582.5  0.0023
0   1585.0  0.0008
0   1587.5  0.0002
0   1590.0  0.0
41  112  500.   1060.  P1Y1
0  502.5  2.38125
0  507.5  2.38125
0  512.5  2.38125
0  517.5  2.38125
0  522.5  2.38125
0  527.5  2.38125
0  532.5  2.38125
0  537.5  2.38125
0  542.5  2.37804
0  547.5  2.37196
0  552.5  2.36576
0  557.5  2.35906
0  562.5  2.35082
0  567.5  2.34418
0  572.5  2.33572
0  577.5  2.32675
0  582.5  2.31657
0  587.5  2.307
0  592.5  2.29588
0  597.5  2.28581
0  602.5  2.27436
0  607.5  2.26291
0  612.5  2.25024
0  617.5  2.23685
0  622.5  2.22236
0  627.5  2.20675
0  632.5  2.19314
0  637.5  2.1776
0  642.5  2.16238
0  647.5  2.14562
0  652.5  2.13007
0  657.5  2.11281
0  662.5  2.09312
0  667.5  2.07574
0  672.5  2.05948
0  677.5  2.04227
0  682.5  2.02341
0  687.5  2.00504
0  692.5  1.98839
0  697.5  1.97256
0  702.5  1.9537
0  707.5  1.93566
0  712.5  1.91713
0  717.5  1.89655
0  722.5  1.87702
0  727.5  1.8587
0  732.5  1.83879
0  737.5  1.81787
0  742.5  1.79685
0  747.5  1.77494
0  752.5  1.75419
0  757.5  1.73406
0  762.5  1.71032
0  767.5  1.68891
0  772.5  1.66551
0  777.5  1.64443
0  782.5  1.61975
0  787.5  1.59613
0  792.5  1.574
0  797.5  1.55038
0  802.5  1.5241
0  807.5  1.49931
0  812.5  1.4743
0  817.5  1.44637
0  822.5  1.41715
0  827.5  1.39087
0  832.5  1.36509
0  837.5  1.33754
0  842.5  1.30468
0  847.5  1.27635
0  852.5  1.24664
0  857.5  1.21726
0  862.5  1.1844
0  867.5  1.15181
0  872.5  1.11746
0  877.5  1.08255
0  882.5  1.04448
0  887.5  1.00758
0  892.5  0.971399
0  897.5  0.93245
0  902.5  0.88819
0  907.5  0.847415
0  912.5  0.804483
0  917.5  0.759116
0  922.5  0.707277
0  927.5  0.655769
0  932.5  0.605976
0  937.5  0.557456
0  942.5  0.505174
0  947.5  0.453777
0  952.5  0.403376
0  957.5  0.351536
0  962.5  0.301522
0  967.5  0.255768
0  972.5  0.214828
0  977.5  0.1787
0  982.5  0.143735
0  987.5  0.117013
0  992.5  0.0932229
0  997.5  0.0728632
0  1002.5  0.0555465
0  1007.5  0.0433196
0  1012.5  0.0324759
0  1017.5  0.0225727
0  1022.5  0.0152697
0  1027.5  0.0104565
0  1032.5  0.00702629
0  1037.5  0.00409406
0  1042.5  0.00215768
0  1047.5  0.0011065
0  1052.5  0.000553252
0  1057.5  0.000331951
42  112  500.   1060.  P1Y2
0  502.5  2.38125
0  507.5  2.38125
0  512.5  2.38125
0  517.5  2.38125
0  522.5  2.38125
0  527.5  2.38125
0  532.5  2.38125
0  537.5  2.38125
0  542.5  2.37804
0  547.5  2.37196
0  552.5  2.36576
0  557.5  2.35906
0  562.5  2.35082
0  567.5  2.34418
0  572.5  2.33572
0  577.5  2.32675
0  582.5  2.31657
0  587.5  2.307
0  592.5  2.29588
0  597.5  2.28581
0  602.5  2.27436
0  607.5  2.26291
0  612.5  2.25024
0  617.5  2.23685
0  622.5  2.22236
0  627.5  2.20675
0  632.5  2.19314
0  637.5  2.1776
0  642.5  2.16238
0  647.5  2.14562
0  652.5  2.13007
0  657.5  2.11281
0  662.5  2.09312
0  667.5  2.07574
0  672.5  2.05948
0  677.5  2.04227
0  682.5  2.02341
0  687.5  2.00504
0  692.5  1.98839
0  697.5  1.97256
0  702.5  1.9537
0  707.5  1.93566
0  712.5  1.91713
0  717.5  1.89655
0  722.5  1.87702
0  727.5  1.8587
0  732.5  1.83879
0  737.5  1.81787
0  742.5  1.79685
0  747.5  1.77494
0  752.5  1.75419
0  757.5  1.73406
0  762.5  1.71032
0  767.5  1.68891
0  772.5  1.66551
0  777.5  1.64443
0  782.5  1.61975
0  787.5  1.59613
0  792.5  1.574
0  797.5  1.55038
0  802.5  1.5241
0  807.5  1.49931
0  812.5  1.4743
0  817.5  1.44637
0  822.5  1.41715
0  827.5  1.39087
0  832.5  1.36509
0  837.5  1.33754
0  842.5  1.30468
0  847.5  1.27635
0  852.5  1.24664
0  857.5  1.21726
0  862.5  1.1844
0  867.5  1.15181
0  872.5  1.11746
0  877.5  1.08255
0  882.5  1.04448
0  887.5  1.00758
0  892.5  0.971399
0  897.5  0.93245
0  902.5  0.88819
0  907.5  0.847415
0  912.5  0.804483
0  917.5  0.759116
0  922.5  0.707277
0  927.5  0.655769
0  932.5  0.605976
0  937.5  0.557456
0  942.5  0.505174
0  947.5  0.453777
0  952.5  0.403376
0  957.5  0.351536
0  962.5  0.301522
0  967.5  0.255768
0  972.5  0.214828
0  977.5  0.1787
0  982.5  0.143735
0  987.5  0.117013
0  992.5  0.0932229
0  997.5  0.0728632
0  1002.5  0.0555465
0  1007.5  0.0433196
0  1012.5  0.0324759
0  1017.5  0.0225727
0  1022.5  0.0152697
0  1027.5  0.0104565
0  1032.5  0.00702629
0  1037.5  0.00409406
0  1042.5  0.00215768
0  1047.5  0.0011065
0  1052.5  0.000553252
0  1057.5  0.000331951
43  112  500.   1060.  P1X1
0  502.5  2.38125
0  507.5  2.38125
0  512.5  2.38125
0  517.5  2.38125
0  522.5  2.38125
0  527.5  2.38125
0  532.5  2.38125
0  537.5  2.38125
0  542.5  2.38003
0  547.5  2.37788
0  552.5  2.37561
0  557.5  2.37202
0  562.5  2.36849
0  567.5  2.36523
0  572.5  2.36119
0  577.5  2.35627
0  582.5  2.34843
0  587.5  2.34168
0  592.5  2.33439
0  597.5  2.32544
0  602.5  2.31417
0  607.5  2.30201
0  612.5  2.29063
0  617.5  2.27814
0  622.5  2.26316
0  627.5  2.25023
0  632.5  2.23465
0  637.5  2.2184
0  642.5  2.20078
0  647.5  2.18398
0  652.5  2.16652
0  657.5  2.14845
0  662.5  2.13093
0  667.5  2.11446
0  672.5  2.09601
0  677.5  2.07733
0  682.5  2.05843
0  687.5  2.04113
0  692.5  2.02356
0  697.5  2.00472
0  702.5  1.98455
0  707.5  1.96571
0  712.5  1.94598
0  717.5  1.92614
0  722.5  1.90089
0  727.5  1.87823
0  732.5  1.85795
0  737.5  1.8385
0  742.5  1.81667
0  747.5  1.7964
0  752.5  1.77352
0  757.5  1.75108
0  762.5  1.72605
0  767.5  1.70577
0  772.5  1.68317
0  777.5  1.66013
0  782.5  1.63405
0  787.5  1.61023
0  792.5  1.58569
0  797.5  1.56094
0  802.5  1.53519
0  807.5  1.50889
0  812.5  1.4812
0  817.5  1.45545
0  822.5  1.42307
0  827.5  1.39666
0  832.5  1.3661
0  837.5  1.33659
0  842.5  1.30089
0  847.5  1.27089
0  852.5  1.23989
0  857.5  1.20911
0  862.5  1.17396
0  867.5  1.13993
0  872.5  1.10169
0  877.5  1.06693
0  882.5  1.02698
0  887.5  0.990175
0  892.5  0.951715
0  897.5  0.911432
0  902.5  0.866065
0  907.5  0.824953
0  912.5  0.780967
0  917.5  0.735876
0  922.5  0.68432
0  927.5  0.638677
0  932.5  0.586402
0  937.5  0.535343
0  942.5  0.480361
0  947.5  0.428805
0  952.5  0.380233
0  957.5  0.330832
0  962.5  0.280768
0  967.5  0.237445
0  972.5  0.200533
0  977.5  0.166659
0  982.5  0.135494
0  987.5  0.110627
0  992.5  0.0897396
0  997.5  0.0703439
0  1002.5  0.0555347
0  1007.5  0.0439304
0  1012.5  0.0337629
0  1017.5  0.0249215
0  1022.5  0.0176827
0  1027.5  0.0120463
0  1032.5  0.00729411
0  1037.5  0.0039786
0  1042.5  0.00243137
0  1047.5  0.00160249
0  1052.5  0.00110517
0  1057.5  0.000773618
44  112  500.   1060.  P1X2
0  502.5  2.38125
0  507.5  2.38125
0  512.5  2.38125
0  517.5  2.38125
0  522.5  2.38125
0  527.5  2.38125
0  532.5  2.38125
0  537.5  2.38125
0  542.5  2.38003
0  547.5  2.37788
0  552.5  2.37561
0  557.5  2.37202
0  562.5  2.36849
0  567.5  2.36523
0  572.5  2.36119
0  577.5  2.35627
0  582.5  2.34843
0  587.5  2.34168
0  592.5  2.33439
0  597.5  2.32544
0  602.5  2.31417
0  607.5  2.30201
0  612.5  2.29063
0  617.5  2.27814
0  622.5  2.26316
0  627.5  2.25023
0  632.5  2.23465
0  637.5  2.2184
0  642.5  2.20078
0  647.5  2.18398
0  652.5  2.16652
0  657.5  2.14845
0  662.5  2.13093
0  667.5  2.11446
0  672.5  2.09601
0  677.5  2.07733
0  682.5  2.05843
0  687.5  2.04113
0  692.5  2.02356
0  697.5  2.00472
0  702.5  1.98455
0  707.5  1.96571
0  712.5  1.94598
0  717.5  1.92614
0  722.5  1.90089
0  727.5  1.87823
0  732.5  1.85795
0  737.5  1.8385
0  742.5  1.81667
0  747.5  1.7964
0  752.5  1.77352
0  757.5  1.75108
0  762.5  1.72605
0  767.5  1.70577
0  772.5  1.68317
0  777.5  1.66013
0  782.5  1.63405
0  787.5  1.61023
0  792.5  1.58569
0  797.5  1.56094
0  802.5  1.53519
0  807.5  1.50889
0  812.5  1.4812
0  817.5  1.45545
0  822.5  1.42307
0  827.5  1.39666
0  832.5  1.3661
0  837.5  1.33659
0  842.5  1.30089
0  847.5  1.27089
0  852.5  1.23989
0  857.5  1.20911
0  862.5  1.17396
0  867.5  1.13993
0  872.5  1.10169
0  877.5  1.06693
0  882.5  1.02698
0  887.5  0.990175
0  892.5  0.951715
0  897.5  0.911432
0  902.5  0.866065
0  907.5  0.824953
0  912.5  0.780967
0  917.5  0.735876
0  922.5  0.68432
0  927.5  0.638677
0  932.5  0.586402
0  937.5  0.535343
0  942.5  0.480361
0  947.5  0.428805
0  952.5  0.380233
0  957.5  0.330832
0  962.5  0.280768
0  967.5  0.237445
0  972.5  0.200533
0  977.5  0.166659
0  982.5  0.135494
0  987.5  0.110627
0  992.5  0.0897396
0  997.5  0.0703439
0  1002.5  0.0555347
0  1007.5  0.0439304
0  1012.5  0.0337629
0  1017.5  0.0249215
0  1022.5  0.0176827
0  1027.5  0.0120463
0  1032.5  0.00729411
0  1037.5  0.0039786
0  1042.5  0.00243137
0  1047.5  0.00160249
0  1052.5  0.00110517
0  1057.5  0.000773618
45  112  500.   1060.  P2X1
0  502.5  2.38125
0  507.5  2.38125
0  512.5  2.38125
0  517.5  2.38125
0  522.5  2.38125
0  527.5  2.38125
0  532.5  2.38125
0  537.5  2.38125
0  542.5  2.38022
0  547.5  2.37662
0  552.5  2.37292
0  557.5  2.36807
0  562.5  2.36235
0  567.5  2.35538
0  572.5  2.34765
0  577.5  2.33888
0  582.5  2.32979
0  587.5  2.3189
0  592.5  2.30779
0  597.5  2.29581
0  602.5  2.2816
0  607.5  2.26935
0  612.5  2.25698
0  617.5  2.24261
0  622.5  2.22584
0  627.5  2.21097
0  632.5  2.19714
0  637.5  2.18091
0  642.5  2.16109
0  647.5  2.14688
0  652.5  2.12902
0  657.5  2.11066
0  662.5  2.09182
0  667.5  2.07418
0  672.5  2.05724
0  677.5  2.04069
0  682.5  2.02114
0  687.5  2.00252
0  692.5  1.98406
0  697.5  1.96462
0  702.5  1.94338
0  707.5  1.92388
0  712.5  1.90624
0  717.5  1.88359
0  722.5  1.86099
0  727.5  1.84073
0  732.5  1.82211
0  737.5  1.80169
0  742.5  1.78149
0  747.5  1.7584
0  752.5  1.73585
0  757.5  1.71538
0  762.5  1.69125
0  767.5  1.66626
0  772.5  1.64246
0  777.5  1.61752
0  782.5  1.5904
0  787.5  1.56715
0  792.5  1.54189
0  797.5  1.51607
0  802.5  1.48618
0  807.5  1.46129
0  812.5  1.43406
0  817.5  1.40744
0  822.5  1.37901
0  827.5  1.35216
0  832.5  1.32281
0  837.5  1.2927
0  842.5  1.2585
0  847.5  1.22882
0  852.5  1.19566
0  857.5  1.16201
0  862.5  1.1265
0  867.5  1.09062
0  872.5  1.05479
0  877.5  1.01487
0  882.5  0.973323
0  887.5  0.935423
0  892.5  0.892839
0  897.5  0.851127
0  902.5  0.800484
0  907.5  0.752673
0  912.5  0.70399
0  917.5  0.65411
0  922.5  0.595843
0  927.5  0.543894
0  932.5  0.491672
0  937.5  0.438088
0  942.5  0.381782
0  947.5  0.330976
0  952.5  0.280115
0  957.5  0.234482
0  962.5  0.191408
0  967.5  0.154216
0  972.5  0.124701
0  977.5  0.0992709
0  982.5  0.0749841
0  987.5  0.0587566
0  992.5  0.0460687
0  997.5  0.03545
0  1002.5  0.0264105
0  1007.5  0.0190047
0  1012.5  0.0138315
0  1017.5  0.00942066
0  1022.5  0.00528211
0  1027.5  0.00375737
0  1032.5  0.00250492
0  1037.5  0.00163364
0  1042.5  0.00108909
0  1047.5  0.000490092
0  1052.5  0.000435638
0  1057.5  0.000163364
46  112  500.   1060.  P2X2
0  502.5  2.38125
0  507.5  2.38125
0  512.5  2.38125
0  517.5  2.38125
0  522.5  2.38125
0  527.5  2.38125
0  532.5  2.38125
0  537.5  2.38125
0  542.5  2.38022
0  547.5  2.37662
0  552.5  2.37292
0  557.5  2.36807
0  562.5  2.36235
0  567.5  2.35538
0  572.5  2.34765
0  577.5  2.33888
0  582.5  2.32979
0  587.5  2.3189
0  592.5  2.30779
0  597.5  2.29581
0  602.5  2.2816
0  607.5  2.26935
0  612.5  2.25698
0  617.5  2.24261
0  622.5  2.22584
0  627.5  2.21097
0  632.5  2.19714
0  637.5  2.18091
0  642.5  2.16109
0  647.5  2.14688
0  652.5  2.12902
0  657.5  2.11066
0  662.5  2.09182
0  667.5  2.07418
0  672.5  2.05724
0  677.5  2.04069
0  682.5  2.02114
0  687.5  2.00252
0  692.5  1.98406
0  697.5  1.96462
0  702.5  1.94338
0  707.5  1.92388
0  712.5  1.90624
0  717.5  1.88359
0  722.5  1.86099
0  727.5  1.84073
0  732.5  1.82211
0  737.5  1.80169
0  742.5  1.78149
0  747.5  1.7584
0  752.5  1.73585
0  757.5  1.71538
0  762.5  1.69125
0  767.5  1.66626
0  772.5  1.64246
0  777.5  1.61752
0  782.5  1.5904
0  787.5  1.56715
0  792.5  1.54189
0  797.5  1.51607
0  802.5  1.48618
0  807.5  1.46129
0  812.5  1.43406
0  817.5  1.40744
0  822.5  1.37901
0  827.5  1.35216
0  832.5  1.32281
0  837.5  1.2927
0  842.5  1.2585
0  847.5  1.22882
0  852.5  1.19566
0  857.5  1.16201
0  862.5  1.1265
0  867.5  1.09062
0  872.5  1.05479
0  877.5  1.01487
0  882.5  0.973323
0  887.5  0.935423
0  892.5  0.892839
0  897.5  0.851127
0  902.5  0.800484
0  907.5  0.752673
0  912.5  0.70399
0  917.5  0.65411
0  922.5  0.595843
0  927.5  0.543894
0  932.5  0.491672
0  937.5  0.438088
0  942.5  0.381782
0  947.5  0.330976
0  952.5  0.280115
0  957.5  0.234482
0  962.5  0.191408
0  967.5  0.154216
0  972.5  0.124701
0  977.5  0.0992709
0  982.5  0.0749841
0  987.5  0.0587566
0  992.5  0.0460687
0  997.5  0.03545
0  1002.5  0.0264105
0  1007.5  0.0190047
0  1012.5  0.0138315
0  1017.5  0.00942066
0  1022.5  0.00528211
0  1027.5  0.00375737
0  1032.5  0.00250492
0  1037.5  0.00163364
0  1042.5  0.00108909
0  1047.5  0.000490092
0  1052.5  0.000435638
0  1057.5  0.000163364
47  112  500.   1060.  P2Y1
0  502.5  2.38125
0  507.5  2.38125
0  512.5  2.38125
0  517.5  2.38125
0  522.5  2.38125
0  527.5  2.38125
0  532.5  2.38125
0  537.5  2.38125
0  542.5  2.38007
0  547.5  2.37699
0  552.5  2.37272
0  557.5  2.36846
0  562.5  2.36262
0  567.5  2.35634
0  572.5  2.34899
0  577.5  2.34085
0  582.5  2.33142
0  587.5  2.32239
0  592.5  2.3138
0  597.5  2.30196
0  602.5  2.28911
0  607.5  2.27677
0  612.5  2.26459
0  617.5  2.25124
0  622.5  2.23631
0  627.5  2.22279
0  632.5  2.20719
0  637.5  2.19238
0  642.5  2.17627
0  647.5  2.16101
0  652.5  2.14591
0  657.5  2.12858
0  662.5  2.11208
0  667.5  2.09339
0  672.5  2.07628
0  677.5  2.0595
0  682.5  2.04042
0  687.5  2.02314
0  692.5  2.00468
0  697.5  1.98605
0  702.5  1.96613
0  707.5  1.94671
0  712.5  1.9273
0  717.5  1.90749
0  722.5  1.88628
0  727.5  1.8658
0  732.5  1.84526
0  737.5  1.82506
0  742.5  1.80329
0  747.5  1.78281
0  752.5  1.75986
0  757.5  1.73769
0  762.5  1.71609
0  767.5  1.69241
0  772.5  1.66929
0  777.5  1.64662
0  782.5  1.62193
0  787.5  1.59758
0  792.5  1.57284
0  797.5  1.54579
0  802.5  1.51919
0  807.5  1.49271
0  812.5  1.46544
0  817.5  1.43732
0  822.5  1.40685
0  827.5  1.37784
0  832.5  1.34839
0  837.5  1.31539
0  842.5  1.28391
0  847.5  1.25069
0  852.5  1.22123
0  857.5  1.19048
0  862.5  1.15227
0  867.5  1.11889
0  872.5  1.08522
0  877.5  1.04762
0  882.5  1.00666
0  887.5  0.968223
0  892.5  0.930852
0  897.5  0.889048
0  902.5  0.843092
0  907.5  0.797584
0  912.5  0.752301
0  917.5  0.704381
0  922.5  0.656573
0  927.5  0.610168
0  932.5  0.558545
0  937.5  0.508941
0  942.5  0.45266
0  947.5  0.4007
0  952.5  0.35177
0  957.5  0.305196
0  962.5  0.259352
0  967.5  0.216258
0  972.5  0.178775
0  977.5  0.147296
0  982.5  0.113011
0  987.5  0.0894435
0  992.5  0.068794
0  997.5  0.0535875
0  1002.5  0.0388299
0  1007.5  0.0283369
0  1012.5  0.019415
0  1017.5  0.0136915
0  1022.5  0.00875356
0  1027.5  0.00544292
0  1032.5  0.00336676
0  1037.5  0.0022445
0  1042.5  0.0013467
0  1047.5  0.000953914
0  1052.5  0.000617238
0  1057.5  0.000336676
48  112  500.   1060.  P2Y2
0  502.5  2.38125
0  507.5  2.38125
0  512.5  2.38125
0  517.5  2.38125
0  522.5  2.38125
0  527.5  2.38125
0  532.5  2.38125
0  537.5  2.38125
0  542.5  2.38007
0  547.5  2.37699
0  552.5  2.37272
0  557.5  2.36846
0  562.5  2.36262
0  567.5  2.35634
0  572.5  2.34899
0  577.5  2.34085
0  582.5  2.33142
0  587.5  2.32239
0  592.5  2.3138
0  597.5  2.30196
0  602.5  2.28911
0  607.5  2.27677
0  612.5  2.26459
0  617.5  2.25124
0  622.5  2.23631
0  627.5  2.22279
0  632.5  2.20719
0  637.5  2.19238
0  642.5  2.17627
0  647.5  2.16101
0  652.5  2.14591
0  657.5  2.12858
0  662.5  2.11208
0  667.5  2.09339
0  672.5  2.07628
0  677.5  2.0595
0  682.5  2.04042
0  687.5  2.02314
0  692.5  2.00468
0  697.5  1.98605
0  702.5  1.96613
0  707.5  1.94671
0  712.5  1.9273
0  717.5  1.90749
0  722.5  1.88628
0  727.5  1.8658
0  732.5  1.84526
0  737.5  1.82506
0  742.5  1.80329
0  747.5  1.78281
0  752.5  1.75986
0  757.5  1.73769
0  762.5  1.71609
0  767.5  1.69241
0  772.5  1.66929
0  777.5  1.64662
0  782.5  1.62193
0  787.5  1.59758
0  792.5  1.57284
0  797.5  1.54579
0  802.5  1.51919
0  807.5  1.49271
0  812.5  1.46544
0  817.5  1.43732
0  822.5  1.40685
0  827.5  1.37784
0  832.5  1.34839
0  837.5  1.31539
0  842.5  1.28391
0  847.5  1.25069
0  852.5  1.22123
0  857.5  1.19048
0  862.5  1.15227
0  867.5  1.11889
0  872.5  1.08522
0  877.5  1.04762
0  882.5  1.00666
0  887.5  0.968223
0  892.5  0.930852
0  897.5  0.889048
0  902.5  0.843092
0  907.5  0.797584
0  912.5  0.752301
0  917.5  0.704381
0  922.5  0.656573
0  927.5  0.610168
0  932.5  0.558545
0  937.5  0.508941
0  942.5  0.45266
0  947.5  0.4007
0  952.5  0.35177
0  957.5  0.305196
0  962.5  0.259352
0  967.5  0.216258
0  972.5  0.178775
0  977.5  0.147296
0  982.5  0.113011
0  987.5  0.0894435
0  992.5  0.068794
0  997.5  0.0535875
0  1002.5  0.0388299
0  1007.5  0.0283369
0  1012.5  0.019415
0  1017.5  0.0136915
0  1022.5  0.00875356
0  1027.5  0.00544292
0  1032.5  0.00336676
0  1037.5  0.0022445
0  1042.5  0.0013467
0  1047.5  0.000953914
0  1052.5  0.000617238
0  1057.5  0.000336676
