0 6 1
0 7 1
0 8 1
1 8 1
0 9 1
1 9 1
2 9 1
0 10 1
1 10 1
2 10 1
3 10 1
3 11 1
0 9 2
1 9 2
0 10 2
1 10 2
2 10 2
3 10 2
0 11 2
1 11 2
2 11 2
3 11 2
4 11 2
0 12 2
1 12 2
2 12 2
3 12 2
4 12 2
0 13 2
1 13 2
2 13 2
3 13 2
4 13 2
5 13 2
0 14 2
1 14 2
2 14 2
3 14 2
4 14 2
5 14 2
6 14 2
0 15 2
1 15 2
2 15 2
3 15 2
4 15 2
5 15 2
6 15 2
1 16 2
2 16 2
3 16 2
4 16 2
5 16 2
6 16 2
7 16 2
4 17 2
5 17 2
6 17 2
7 17 2
8 17 2
7 18 2
8 18 2
0 15 3
1 15 3
0 16 3
1 16 3
2 16 3
3 16 3
4 16 3
5 16 3
0 17 3
1 17 3
2 17 3
3 17 3
4 17 3
5 17 3
6 17 3
7 17 3
8 17 3
0 18 3
1 18 3
2 18 3
3 18 3
4 18 3
5 18 3
6 18 3
7 18 3
8 18 3
9 18 3
0 19 3
1 19 3
2 19 3
3 19 3
4 19 3
5 19 3
6 19 3
7 19 3
8 19 3
9 19 3
0 20 3
1 20 3
2 20 3
3 20 3
4 20 3
5 20 3
6 20 3
7 20 3
8 20 3
9 20 3
10 20 3
0 21 3
1 21 3
2 21 3
3 21 3
4 21 3
5 21 3
6 21 3
7 21 3
8 21 3
9 21 3
10 21 3
11 21 3
1 22 3
2 22 3
3 22 3
4 22 3
5 22 3
6 22 3
7 22 3
8 22 3
9 22 3
10 22 3
11 22 3
5 23 3
6 23 3
7 23 3
8 23 3
9 23 3
10 23 3
11 23 3
12 23 3
8 24 3
9 24 3
10 24 3
11 24 3
12 24 3
13 24 3
11 25 3
12 25 3
13 25 3
14 25 3
0 21 4
1 21 4
0 22 4
1 22 4
2 22 4
3 22 4
4 22 4
5 22 4
0 23 4
1 23 4
2 23 4
3 23 4
4 23 4
5 23 4
6 23 4
7 23 4
8 23 4
0 24 4
1 24 4
2 24 4
3 24 4
4 24 4
5 24 4
6 24 4
7 24 4
8 24 4
9 24 4
10 24 4
11 24 4
0 25 4
1 25 4
2 25 4
3 25 4
4 25 4
5 25 4
6 25 4
7 25 4
8 25 4
9 25 4
10 25 4
11 25 4
12 25 4
13 25 4
14 25 4
1 26 4
2 26 4
3 26 4
4 26 4
5 26 4
6 26 4
7 26 4
8 26 4
9 26 4
10 26 4
11 26 4
12 26 4
13 26 4
14 26 4
15 26 4
1 27 4
2 27 4
3 27 4
4 27 4
5 27 4
6 27 4
7 27 4
8 27 4
9 27 4
10 27 4
11 27 4
12 27 4
13 27 4
14 27 4
15 27 4
3 28 4
4 28 4
5 28 4
6 28 4
7 28 4
8 28 4
9 28 4
10 28 4
11 28 4
12 28 4
13 28 4
14 28 4
15 28 4
16 28 4
5 29 4
6 29 4
7 29 4
8 29 4
9 29 4
10 29 4
11 29 4
12 29 4
13 29 4
14 29 4
15 29 4
16 29 4
17 29 4
8 30 4
9 30 4
10 30 4
11 30 4
12 30 4
13 30 4
14 30 4
15 30 4
16 30 4
17 30 4
12 31 4
13 31 4
14 31 4
15 31 4
16 31 4
17 31 4
18 31 4
15 32 4
16 32 4
17 32 4
18 32 4
19 32 4
19 33 4
1 28 5
2 28 5
3 28 5
4 28 5
5 28 5
2 29 5
3 29 5
4 29 5
5 29 5
6 29 5
7 29 5
8 29 5
2 30 5
3 30 5
4 30 5
5 30 5
6 30 5
7 30 5
8 30 5
9 30 5
10 30 5
11 30 5
12 30 5
2 31 5
3 31 5
4 31 5
5 31 5
6 31 5
7 31 5
8 31 5
9 31 5
10 31 5
11 31 5
12 31 5
13 31 5
14 31 5
15 31 5
3 32 5
4 32 5
5 32 5
6 32 5
7 32 5
8 32 5
9 32 5
10 32 5
11 32 5
12 32 5
13 32 5
14 32 5
15 32 5
16 32 5
17 32 5
18 32 5
3 33 5
4 33 5
5 33 5
6 33 5
7 33 5
8 33 5
9 33 5
10 33 5
11 33 5
12 33 5
13 33 5
14 33 5
15 33 5
16 33 5
17 33 5
18 33 5
19 33 5
20 33 5
4 34 5
5 34 5
6 34 5
7 34 5
8 34 5
9 34 5
10 34 5
11 34 5
12 34 5
13 34 5
14 34 5
15 34 5
16 34 5
17 34 5
18 34 5
19 34 5
20 34 5
6 35 5
7 35 5
8 35 5
9 35 5
10 35 5
11 35 5
12 35 5
13 35 5
14 35 5
15 35 5
16 35 5
17 35 5
18 35 5
19 35 5
20 35 5
21 35 5
9 36 5
10 36 5
11 36 5
12 36 5
13 36 5
14 36 5
15 36 5
16 36 5
17 36 5
18 36 5
19 36 5
20 36 5
21 36 5
22 36 5
12 37 5
13 37 5
14 37 5
15 37 5
16 37 5
17 37 5
18 37 5
19 37 5
20 37 5
21 37 5
22 37 5
23 37 5
16 38 5
17 38 5
18 38 5
19 38 5
20 38 5
21 38 5
22 38 5
23 38 5
19 39 5
20 39 5
21 39 5
22 39 5
23 39 5
24 39 5
22 40 5
23 40 5
24 40 5
25 40 5
4 34 6
5 34 6
4 35 6
5 35 6
6 35 6
7 35 6
8 35 6
9 35 6
4 36 6
5 36 6
6 36 6
7 36 6
8 36 6
9 36 6
10 36 6
11 36 6
12 36 6
4 37 6
5 37 6
6 37 6
7 37 6
8 37 6
9 37 6
10 37 6
11 37 6
12 37 6
13 37 6
14 37 6
15 37 6
16 37 6
5 38 6
6 38 6
7 38 6
8 38 6
9 38 6
10 38 6
11 38 6
12 38 6
13 38 6
14 38 6
15 38 6
16 38 6
17 38 6
18 38 6
19 38 6
5 39 6
6 39 6
7 39 6
8 39 6
9 39 6
10 39 6
11 39 6
12 39 6
13 39 6
14 39 6
15 39 6
16 39 6
17 39 6
18 39 6
19 39 6
20 39 6
21 39 6
22 39 6
5 40 6
6 40 6
7 40 6
8 40 6
9 40 6
10 40 6
11 40 6
12 40 6
13 40 6
14 40 6
15 40 6
16 40 6
17 40 6
18 40 6
19 40 6
20 40 6
21 40 6
22 40 6
23 40 6
24 40 6
25 40 6
7 41 6
8 41 6
9 41 6
10 41 6
11 41 6
12 41 6
13 41 6
14 41 6
15 41 6
16 41 6
17 41 6
18 41 6
19 41 6
20 41 6
21 41 6
22 41 6
23 41 6
24 41 6
25 41 6
26 41 6
10 42 6
11 42 6
12 42 6
13 42 6
14 42 6
15 42 6
16 42 6
17 42 6
18 42 6
19 42 6
20 42 6
21 42 6
22 42 6
23 42 6
24 42 6
25 42 6
26 42 6
13 43 6
14 43 6
15 43 6
16 43 6
17 43 6
18 43 6
19 43 6
20 43 6
21 43 6
22 43 6
23 43 6
24 43 6
25 43 6
26 43 6
27 43 6
16 44 6
17 44 6
18 44 6
19 44 6
20 44 6
21 44 6
22 44 6
23 44 6
24 44 6
25 44 6
26 44 6
27 44 6
28 44 6
20 45 6
21 45 6
22 45 6
23 45 6
24 45 6
25 45 6
26 45 6
27 45 6
28 45 6
23 46 6
24 46 6
25 46 6
26 46 6
27 46 6
28 46 6
29 46 6
26 47 6
27 47 6
28 47 6
29 47 6
30 47 6
30 48 6
6 41 7
7 41 7
8 41 7
9 41 7
6 42 7
7 42 7
8 42 7
9 42 7
10 42 7
11 42 7
12 42 7
13 42 7
6 43 7
7 43 7
8 43 7
9 43 7
10 43 7
11 43 7
12 43 7
13 43 7
14 43 7
15 43 7
16 43 7
7 44 7
8 44 7
9 44 7
10 44 7
11 44 7
12 44 7
13 44 7
14 44 7
15 44 7
16 44 7
17 44 7
18 44 7
19 44 7
7 45 7
8 45 7
9 45 7
10 45 7
11 45 7
12 45 7
13 45 7
14 45 7
15 45 7
16 45 7
17 45 7
18 45 7
19 45 7
20 45 7
21 45 7
22 45 7
23 45 7
9 46 7
10 46 7
11 46 7
12 46 7
13 46 7
14 46 7
15 46 7
16 46 7
17 46 7
18 46 7
19 46 7
20 46 7
21 46 7
22 46 7
23 46 7
24 46 7
25 46 7
26 46 7
12 47 7
13 47 7
14 47 7
15 47 7
16 47 7
17 47 7
18 47 7
19 47 7
20 47 7
21 47 7
22 47 7
23 47 7
24 47 7
25 47 7
26 47 7
27 47 7
28 47 7
29 47 7
15 48 7
16 48 7
17 48 7
18 48 7
19 48 7
20 48 7
21 48 7
22 48 7
23 48 7
24 48 7
25 48 7
26 48 7
27 48 7
28 48 7
29 48 7
30 48 7
31 48 7
19 49 7
20 49 7
21 49 7
22 49 7
23 49 7
24 49 7
25 49 7
26 49 7
27 49 7
28 49 7
29 49 7
30 49 7
31 49 7
