        -2.01908e-17        -7.43015e-20                   0           0.0561254
         4.35469e-15        -2.35875e-16           0.0637293           0.0555094
            0.208577          0.00409835          -0.0829028           0.0648227
            0.208577          0.00409835          -0.0233414           0.0764242
           -0.170526          0.00760266           -0.124893           0.0503787
           -0.170526          0.00760266           -0.137093           0.0495137
            0.229762         -0.00311836            0.347332            0.107646
            0.229762         -0.00311836            0.352642            0.104976
            0.366805        -0.000524645            0.165568            0.157538
            0.366805        -0.000524645            0.197519            0.128535
           -0.255926         -0.00065904           0.0650572               0.128
           -0.255926         -0.00065904            0.051741            0.129779
            0.284296        -0.000963779            -0.27159            0.103711
            0.284296        -0.000963779            -0.27159           0.0984563
            0.284296        -0.000963779           -0.288377           0.0940801
            0.284296        -0.000963779           -0.288377           0.0938823
            0.284296        -0.000963779           -0.287944            0.092856
            0.284296        -0.000963779           -0.287944           0.0956379
           -0.410527         -0.00150253            0.310201            0.092537
           -0.410527         -0.00150253            0.310201           0.0900401
           -0.410527         -0.00150253            0.179376           0.0949343
           -0.410527         -0.00150253            0.179376           0.0952584
           -0.410527         -0.00150253           0.0378405           0.0860349
           -0.410527         -0.00150253           0.0378404           0.0906865
