            0.334037         -0.00030561           0.0627051             0.02684
            0.334037         -0.00030561            0.110528           0.0262739
            0.363706           0.0017471          0.00723808            0.031323
            0.363706         0.000973461           0.0800024           0.0324579
            0.165162          0.00234402           0.0154674           0.0253343
            0.165162          0.00243707         -0.00121313           0.0239969
            0.323042          -0.0032714             0.22033           0.0409261
            0.323042          -0.0032714             0.21473           0.0393358
            0.110714         0.000155585           -0.021432           0.0417378
            0.110714         0.000155585           0.0050487           0.0415269
          -0.0790404         0.000821139            0.117025           0.0419023
          -0.0790404         0.000821139           0.0959208           0.0409145
            -0.11335        -3.17664e-05           -0.132116           0.0302033
            -0.11335        -3.17664e-05           -0.132116           0.0299009
            -0.11335        -3.17664e-05          -0.0978917           0.0299331
            -0.11335        -3.17664e-05          -0.0978917           0.0304799
            -0.11335        -3.17664e-05          -0.0578206           0.0287189
            -0.11335        -3.17664e-05          -0.0578206           0.0284656
           -0.292524         -0.00016157          0.00218177           0.0304513
           -0.292524         -0.00016157          0.00218177           0.0298084
           -0.292524         -0.00016157           -0.083338           0.0321184
           -0.292524         -0.00016157           -0.083338           0.0321883
           -0.292524         -0.00016157           -0.163881            0.030309
           -0.292524         -0.00016157           -0.163881           0.0312817
