1  41  1650.0 1750.0 D1U
0   1650.0  0.3175
0   1652.5  0.3167
0   1655.0  0.3145
0   1657.5  0.3111
0   1660.0  0.3066
0   1662.5  0.3013
0   1665.0  0.2954
0   1667.5  0.2891
0   1670.0  0.2826
0   1672.5  0.2760
0   1675.0  0.2692
0   1677.5  0.2616
0   1680.0  0.2524
0   1682.5  0.2410
0   1685.0  0.2268
0   1687.5  0.2110
0   1690.0  0.1947
0   1692.5  0.1793
0   1695.0  0.1658
0   1697.5  0.1543
0   1700.0  0.1440
0   1702.5  0.1343
0   1705.0  0.1245
0   1707.5  0.1141
0   1710.0  0.1038
0   1712.5  0.0939
0   1715.0  0.0849
0   1717.5  0.0770
0   1720.0  0.0695
0   1722.5  0.0614
0   1725.0  0.0519
0   1727.5  0.0403
0   1730.0  0.0273
0   1732.5  0.0147
0   1735.0  0.0045
0   1737.5  0.0000
0   1740.0  0.0000
0   1742.5  0.0000
0   1745.0  0.0000
0   1747.5  0.0000
0   1750.0  0.0000
2  41  1650.0 1750.0 D1Up
0   1650.0  0.3175
0   1652.5  0.3172
0   1655.0  0.3163
0   1657.5  0.3147
0   1660.0  0.3126
0   1662.5  0.3098
0   1665.0  0.3065
0   1667.5  0.3025
0   1670.0  0.2979
0   1672.5  0.2927
0   1675.0  0.2868
0   1677.5  0.2798
0   1680.0  0.2714
0   1682.5  0.2611
0   1685.0  0.2486
0   1687.5  0.2343
0   1690.0  0.2189
0   1692.5  0.2032
0   1695.0  0.1882
0   1697.5  0.1742
0   1700.0  0.1614
0   1702.5  0.1496
0   1705.0  0.1387
0   1707.5  0.1285
0   1710.0  0.1190
0   1712.5  0.1099
0   1715.0  0.1008
0   1717.5  0.0916
0   1720.0  0.0823
0   1722.5  0.0733
0   1725.0  0.0652
0   1727.5  0.0584
0   1730.0  0.0534
0   1732.5  0.0492
0   1735.0  0.0449
0   1737.5  0.0392
0   1740.0  0.0310
0   1742.5  0.0208
0   1745.0  0.0108
0   1747.5  0.0031
0   1750.0  0.0000
3  41  1650.0 1750.0 D1X
0   1650.0  0.3175
0   1652.5  0.3174
0   1655.0  0.3167
0   1657.5  0.3155
0   1660.0  0.3139
0   1662.5  0.3121
0   1665.0  0.3103
0   1667.5  0.3087
0   1670.0  0.3075
0   1672.5  0.3067
0   1675.0  0.3066
0   1677.5  0.3066
0   1680.0  0.3057
0   1682.5  0.3029
0   1685.0  0.2972
0   1687.5  0.2884
0   1690.0  0.2772
0   1692.5  0.2641
0   1695.0  0.2500
0   1697.5  0.2354
0   1700.0  0.2205
0   1702.5  0.2053
0   1705.0  0.1895
0   1707.5  0.1733
0   1710.0  0.1568
0   1712.5  0.1405
0   1715.0  0.1249
0   1717.5  0.1104
0   1720.0  0.0974
0   1722.5  0.0851
0   1725.0  0.0727
0   1727.5  0.0595
0   1730.0  0.0449
0   1732.5  0.0298
0   1735.0  0.0159
0   1737.5  0.0049
0   1740.0  0.0000
0   1742.5  0.0000
0   1745.0  0.0000
0   1747.5  0.0000
0   1750.0  0.0000
4  41  1650.0 1750.0 D1Xp
0   1650.0  0.3175
0   1652.5  0.3175
0   1655.0  0.3175
0   1657.5  0.3175
0   1660.0  0.3175
0   1662.5  0.3175
0   1665.0  0.3166
0   1667.5  0.3146
0   1670.0  0.3116
0   1672.5  0.3074
0   1675.0  0.3016
0   1677.5  0.2940
0   1680.0  0.2841
0   1682.5  0.2716
0   1685.0  0.2564
0   1687.5  0.2396
0   1690.0  0.2221
0   1692.5  0.2051
0   1695.0  0.1895
0   1697.5  0.1750
0   1700.0  0.1613
0   1702.5  0.1480
0   1705.0  0.1346
0   1707.5  0.1212
0   1710.0  0.1083
0   1712.5  0.0963
0   1715.0  0.0856
0   1717.5  0.0762
0   1720.0  0.0672
0   1722.5  0.0577
0   1725.0  0.0468
0   1727.5  0.0342
0   1730.0  0.0212
0   1732.5  0.0096
0   1735.0  0.0011
0   1737.5  0.0000
0   1740.0  0.0000
0   1742.5  0.0000
0   1745.0  0.0000
0   1747.5  0.0000
0   1750.0  0.0000
5  41  1650.0 1750.0 D1V
0   1650.0  0.3175
0   1652.5  0.3172
0   1655.0  0.3157
0   1657.5  0.3132
0   1660.0  0.3098
0   1662.5  0.3057
0   1665.0  0.3013
0   1667.5  0.2966
0   1670.0  0.2918
0   1672.5  0.2871
0   1675.0  0.2817
0   1677.5  0.2747
0   1680.0  0.2652
0   1682.5  0.2525
0   1685.0  0.2374
0   1687.5  0.2213
0   1690.0  0.2054
0   1692.5  0.1907
0   1695.0  0.1772
0   1697.5  0.1645
0   1700.0  0.1524
0   1702.5  0.1408
0   1705.0  0.1297
0   1707.5  0.1193
0   1710.0  0.1097
0   1712.5  0.1008
0   1715.0  0.0923
0   1717.5  0.0838
0   1720.0  0.0749
0   1722.5  0.0653
0   1725.0  0.0548
0   1727.5  0.0433
0   1730.0  0.0306
0   1732.5  0.0178
0   1735.0  0.0071
0   1737.5  0.0008
0   1740.0  0.0000
0   1742.5  0.0000
0   1745.0  0.0000
0   1747.5  0.0000
0   1750.0  0.0000
6  41  1650.0 1750.0 D1Vp
0   1650.0  0.3175
0   1652.5  0.3167
0   1655.0  0.3146
0   1657.5  0.3111
0   1660.0  0.3064
0   1662.5  0.3006
0   1665.0  0.2939
0   1667.5  0.2863
0   1670.0  0.2780
0   1672.5  0.2691
0   1675.0  0.2597
0   1677.5  0.2497
0   1680.0  0.2391
0   1682.5  0.2280
0   1685.0  0.2163
0   1687.5  0.2043
0   1690.0  0.1923
0   1692.5  0.1806
0   1695.0  0.1695
0   1697.5  0.1591
0   1700.0  0.1492
0   1702.5  0.1397
0   1705.0  0.1303
0   1707.5  0.1211
0   1710.0  0.1120
0   1712.5  0.1033
0   1715.0  0.0949
0   1717.5  0.0870
0   1720.0  0.0791
0   1722.5  0.0707
0   1725.0  0.0612
0   1727.5  0.0501
0   1730.0  0.0377
0   1732.5  0.0252
0   1735.0  0.0142
0   1737.5  0.0060
0   1740.0  0.0014
0   1742.5  0.0000
0   1745.0  0.0000
0   1747.5  0.0000
0   1750.0  0.0000
7  105  1450.0 1710.0 D2V
0   1450.0  1.0105
0   1452.5  1.0105
0   1455.0  1.0105
0   1457.5  1.0105
0   1460.0  1.0105
0   1462.5  1.0105
0   1465.0  1.0105
0   1467.5  1.0104
0   1470.0  1.0100
0   1472.5  1.0093
0   1475.0  1.0082
0   1477.5  1.0069
0   1480.0  1.0053
0   1482.5  1.0035
0   1485.0  1.0015
0   1487.5  0.9994
0   1490.0  0.9971
0   1492.5  0.9948
0   1495.0  0.9923
0   1497.5  0.9898
0   1500.0  0.9873
0   1502.5  0.9848
0   1505.0  0.9823
0   1507.5  0.9799
0   1510.0  0.9776
0   1512.5  0.9755
0   1515.0  0.9735
0   1517.5  0.9716
0   1520.0  0.9700
0   1522.5  0.9685
0   1525.0  0.9671
0   1527.5  0.9656
0   1530.0  0.9639
0   1532.5  0.9620
0   1535.0  0.9596
0   1537.5  0.9568
0   1540.0  0.9533
0   1542.5  0.9492
0   1545.0  0.9442
0   1547.5  0.9384
0   1550.0  0.9316
0   1552.5  0.9240
0   1555.0  0.9154
0   1557.5  0.9059
0   1560.0  0.8955
0   1562.5  0.8842
0   1565.0  0.8720
0   1567.5  0.8588
0   1570.0  0.8447
0   1572.5  0.8296
0   1575.0  0.8137
0   1577.5  0.7970
0   1580.0  0.7796
0   1582.5  0.7616
0   1585.0  0.7431
0   1587.5  0.7241
0   1590.0  0.7047
0   1592.5  0.6850
0   1595.0  0.6652
0   1597.5  0.6452
0   1600.0  0.6251
0   1602.5  0.6051
0   1605.0  0.5850
0   1607.5  0.5648
0   1610.0  0.5447
0   1612.5  0.5246
0   1615.0  0.5045
0   1617.5  0.4844
0   1620.0  0.4644
0   1622.5  0.4445
0   1625.0  0.4246
0   1627.5  0.4048
0   1630.0  0.3852
0   1632.5  0.3658
0   1635.0  0.3467
0   1637.5  0.3280
0   1640.0  0.3095
0   1642.5  0.2915
0   1645.0  0.2740
0   1647.5  0.2570
0   1650.0  0.2406
0   1652.5  0.2247
0   1655.0  0.2094
0   1657.5  0.1945
0   1660.0  0.1800
0   1662.5  0.1658
0   1665.0  0.1518
0   1667.5  0.1381
0   1670.0  0.1244
0   1672.5  0.1108
0   1675.0  0.0972
0   1677.5  0.0836
0   1680.0  0.0702
0   1682.5  0.0571
0   1685.0  0.0448
0   1687.5  0.0335
0   1690.0  0.0233
0   1692.5  0.0147
0   1695.0  0.0078
0   1697.5  0.0029
0   1700.0  0.0004
0   1702.5  0.0000
0   1705.0  0.0000
0   1707.5  0.0000
0   1710.0  0.0000
8  105  1450.0 1710.0 D2Vp
0   1450.0  1.0105
0   1452.5  1.0105
0   1455.0  1.0105
0   1457.5  1.0105
0   1460.0  1.0105
0   1462.5  1.0105
0   1465.0  1.0105
0   1467.5  1.0105
0   1470.0  1.0105
0   1472.5  1.0105
0   1475.0  1.0105
0   1477.5  1.0105
0   1480.0  1.0101
0   1482.5  1.0096
0   1485.0  1.0087
0   1487.5  1.0077
0   1490.0  1.0064
0   1492.5  1.0050
0   1495.0  1.0033
0   1497.5  1.0016
0   1500.0  0.9997
0   1502.5  0.9976
0   1505.0  0.9955
0   1507.5  0.9933
0   1510.0  0.9911
0   1512.5  0.9888
0   1515.0  0.9866
0   1517.5  0.9843
0   1520.0  0.9821
0   1522.5  0.9799
0   1525.0  0.9777
0   1527.5  0.9757
0   1530.0  0.9737
0   1532.5  0.9715
0   1535.0  0.9692
0   1537.5  0.9665
0   1540.0  0.9633
0   1542.5  0.9595
0   1545.0  0.9550
0   1547.5  0.9496
0   1550.0  0.9432
0   1552.5  0.9357
0   1555.0  0.9271
0   1557.5  0.9174
0   1560.0  0.9066
0   1562.5  0.8948
0   1565.0  0.8820
0   1567.5  0.8683
0   1570.0  0.8536
0   1572.5  0.8382
0   1575.0  0.8219
0   1577.5  0.8048
0   1580.0  0.7870
0   1582.5  0.7686
0   1585.0  0.7497
0   1587.5  0.7303
0   1590.0  0.7106
0   1592.5  0.6906
0   1595.0  0.6704
0   1597.5  0.6501
0   1600.0  0.6298
0   1602.5  0.6097
0   1605.0  0.5896
0   1607.5  0.5696
0   1610.0  0.5497
0   1612.5  0.5299
0   1615.0  0.5102
0   1617.5  0.4905
0   1620.0  0.4708
0   1622.5  0.4512
0   1625.0  0.4316
0   1627.5  0.4121
0   1630.0  0.3925
0   1632.5  0.3731
0   1635.0  0.3538
0   1637.5  0.3348
0   1640.0  0.3160
0   1642.5  0.2976
0   1645.0  0.2796
0   1647.5  0.2620
0   1650.0  0.2450
0   1652.5  0.2286
0   1655.0  0.2128
0   1657.5  0.1974
0   1660.0  0.1825
0   1662.5  0.1680
0   1665.0  0.1537
0   1667.5  0.1397
0   1670.0  0.1259
0   1672.5  0.1121
0   1675.0  0.0983
0   1677.5  0.0846
0   1680.0  0.0709
0   1682.5  0.0576
0   1685.0  0.0450
0   1687.5  0.0334
0   1690.0  0.0230
0   1692.5  0.0142
0   1695.0  0.0073
0   1697.5  0.0025
0   1700.0  0.0002
0   1702.5  0.0000
0   1705.0  0.0000
0   1707.5  0.0000
0   1710.0  0.0000
9  105  1450.0 1710.0 D2Xp
0   1450.0  1.0415
0   1452.5  1.0413
0   1455.0  1.0408
0   1457.5  1.0399
0   1460.0  1.0387
0   1462.5  1.0372
0   1465.0  1.0355
0   1467.5  1.0336
0   1470.0  1.0314
0   1472.5  1.0291
0   1475.0  1.0267
0   1477.5  1.0242
0   1480.0  1.0216
0   1482.5  1.0190
0   1485.0  1.0163
0   1487.5  1.0137
0   1490.0  1.0111
0   1492.5  1.0086
0   1495.0  1.0062
0   1497.5  1.0039
0   1500.0  1.0017
0   1502.5  0.9998
0   1505.0  0.9981
0   1507.5  0.9966
0   1510.0  0.9953
0   1512.5  0.9941
0   1515.0  0.9929
0   1517.5  0.9916
0   1520.0  0.9901
0   1522.5  0.9884
0   1525.0  0.9863
0   1527.5  0.9837
0   1530.0  0.9806
0   1532.5  0.9767
0   1535.0  0.9722
0   1537.5  0.9669
0   1540.0  0.9607
0   1542.5  0.9538
0   1545.0  0.9461
0   1547.5  0.9376
0   1550.0  0.9284
0   1552.5  0.9184
0   1555.0  0.9077
0   1557.5  0.8962
0   1560.0  0.8840
0   1562.5  0.8710
0   1565.0  0.8574
0   1567.5  0.8430
0   1570.0  0.8281
0   1572.5  0.8126
0   1575.0  0.7965
0   1577.5  0.7800
0   1580.0  0.7631
0   1582.5  0.7458
0   1585.0  0.7282
0   1587.5  0.7103
0   1590.0  0.6922
0   1592.5  0.6738
0   1595.0  0.6554
0   1597.5  0.6367
0   1600.0  0.6179
0   1602.5  0.5989
0   1605.0  0.5798
0   1607.5  0.5606
0   1610.0  0.5412
0   1612.5  0.5218
0   1615.0  0.5022
0   1617.5  0.4825
0   1620.0  0.4628
0   1622.5  0.4430
0   1625.0  0.4232
0   1627.5  0.4036
0   1630.0  0.3841
0   1632.5  0.3647
0   1635.0  0.3457
0   1637.5  0.3269
0   1640.0  0.3086
0   1642.5  0.2906
0   1645.0  0.2732
0   1647.5  0.2562
0   1650.0  0.2398
0   1652.5  0.2239
0   1655.0  0.2084
0   1657.5  0.1932
0   1660.0  0.1784
0   1662.5  0.1638
0   1665.0  0.1495
0   1667.5  0.1354
0   1670.0  0.1214
0   1672.5  0.1075
0   1675.0  0.0937
0   1677.5  0.0800
0   1680.0  0.0668
0   1682.5  0.0541
0   1685.0  0.0422
0   1687.5  0.0314
0   1690.0  0.0218
0   1692.5  0.0137
0   1695.0  0.0073
0   1697.5  0.0027
0   1700.0  0.0003
0   1702.5  0.0000
0   1705.0  0.0000
0   1707.5  0.0000
0   1710.0  0.0000
10  105  1450.0 1710.0 D2X
0   1450.0  1.0415
0   1452.5  1.0413
0   1455.0  1.0406
0   1457.5  1.0395
0   1460.0  1.0380
0   1462.5  1.0362
0   1465.0  1.0340
0   1467.5  1.0316
0   1470.0  1.0290
0   1472.5  1.0262
0   1475.0  1.0232
0   1477.5  1.0202
0   1480.0  1.0170
0   1482.5  1.0138
0   1485.0  1.0106
0   1487.5  1.0074
0   1490.0  1.0044
0   1492.5  1.0014
0   1495.0  0.9985
0   1497.5  0.9959
0   1500.0  0.9935
0   1502.5  0.9913
0   1505.0  0.9894
0   1507.5  0.9879
0   1510.0  0.9867
0   1512.5  0.9858
0   1515.0  0.9851
0   1517.5  0.9843
0   1520.0  0.9835
0   1522.5  0.9824
0   1525.0  0.9810
0   1527.5  0.9791
0   1530.0  0.9767
0   1532.5  0.9735
0   1535.0  0.9695
0   1537.5  0.9645
0   1540.0  0.9585
0   1542.5  0.9515
0   1545.0  0.9436
0   1547.5  0.9348
0   1550.0  0.9252
0   1552.5  0.9148
0   1555.0  0.9036
0   1557.5  0.8917
0   1560.0  0.8791
0   1562.5  0.8660
0   1565.0  0.8523
0   1567.5  0.8380
0   1570.0  0.8233
0   1572.5  0.8081
0   1575.0  0.7924
0   1577.5  0.7763
0   1580.0  0.7598
0   1582.5  0.7429
0   1585.0  0.7256
0   1587.5  0.7080
0   1590.0  0.6900
0   1592.5  0.6718
0   1595.0  0.6532
0   1597.5  0.6344
0   1600.0  0.6153
0   1602.5  0.5961
0   1605.0  0.5767
0   1607.5  0.5572
0   1610.0  0.5377
0   1612.5  0.5180
0   1615.0  0.4984
0   1617.5  0.4789
0   1620.0  0.4594
0   1622.5  0.4400
0   1625.0  0.4208
0   1627.5  0.4018
0   1630.0  0.3829
0   1632.5  0.3642
0   1635.0  0.3457
0   1637.5  0.3274
0   1640.0  0.3094
0   1642.5  0.2915
0   1645.0  0.2739
0   1647.5  0.2566
0   1650.0  0.2394
0   1652.5  0.2226
0   1655.0  0.2060
0   1657.5  0.1897
0   1660.0  0.1738
0   1662.5  0.1583
0   1665.0  0.1433
0   1667.5  0.1288
0   1670.0  0.1149
0   1672.5  0.1016
0   1675.0  0.0889
0   1677.5  0.0770
0   1680.0  0.0659
0   1682.5  0.0555
0   1685.0  0.0461
0   1687.5  0.0374
0   1690.0  0.0297
0   1692.5  0.0228
0   1695.0  0.0168
0   1697.5  0.0117
0   1700.0  0.0075
0   1702.5  0.0042
0   1705.0  0.0019
0   1707.5  0.0005
0   1710.0  0.0000
11  105  1450.0 1710.0 D2U
0   1450.0  1.0105
0   1452.5  1.0105
0   1455.0  1.0105
0   1457.5  1.0105
0   1460.0  1.0105
0   1462.5  1.0105
0   1465.0  1.0104
0   1467.5  1.0100
0   1470.0  1.0093
0   1472.5  1.0084
0   1475.0  1.0073
0   1477.5  1.0060
0   1480.0  1.0045
0   1482.5  1.0028
0   1485.0  1.0011
0   1487.5  0.9992
0   1490.0  0.9972
0   1492.5  0.9952
0   1495.0  0.9931
0   1497.5  0.9910
0   1500.0  0.9888
0   1502.5  0.9867
0   1505.0  0.9846
0   1507.5  0.9826
0   1510.0  0.9806
0   1512.5  0.9787
0   1515.0  0.9770
0   1517.5  0.9753
0   1520.0  0.9738
0   1522.5  0.9721
0   1525.0  0.9704
0   1527.5  0.9684
0   1530.0  0.9661
0   1532.5  0.9633
0   1535.0  0.9601
0   1537.5  0.9563
0   1540.0  0.9518
0   1542.5  0.9465
0   1545.0  0.9404
0   1547.5  0.9335
0   1550.0  0.9256
0   1552.5  0.9169
0   1555.0  0.9073
0   1557.5  0.8967
0   1560.0  0.8852
0   1562.5  0.8726
0   1565.0  0.8591
0   1567.5  0.8446
0   1570.0  0.8290
0   1572.5  0.8125
0   1575.0  0.7951
0   1577.5  0.7770
0   1580.0  0.7581
0   1582.5  0.7387
0   1585.0  0.7188
0   1587.5  0.6984
0   1590.0  0.6778
0   1592.5  0.6569
0   1595.0  0.6359
0   1597.5  0.6149
0   1600.0  0.5938
0   1602.5  0.5727
0   1605.0  0.5516
0   1607.5  0.5306
0   1610.0  0.5097
0   1612.5  0.4889
0   1615.0  0.4683
0   1617.5  0.4478
0   1620.0  0.4276
0   1622.5  0.4077
0   1625.0  0.3880
0   1627.5  0.3687
0   1630.0  0.3496
0   1632.5  0.3310
0   1635.0  0.3126
0   1637.5  0.2947
0   1640.0  0.2772
0   1642.5  0.2601
0   1645.0  0.2435
0   1647.5  0.2274
0   1650.0  0.2117
0   1652.5  0.1965
0   1655.0  0.1816
0   1657.5  0.1672
0   1660.0  0.1531
0   1662.5  0.1393
0   1665.0  0.1258
0   1667.5  0.1125
0   1670.0  0.0994
0   1672.5  0.0865
0   1675.0  0.0738
0   1677.5  0.0615
0   1680.0  0.0497
0   1682.5  0.0387
0   1685.0  0.0287
0   1687.5  0.0198
0   1690.0  0.0123
0   1692.5  0.0065
0   1695.0  0.0024
0   1697.5  0.0002
0   1700.0  0.0000
0   1702.5  0.0000
0   1705.0  0.0000
0   1707.5  0.0000
0   1710.0  0.0000
12  105  1450.0 1710.0 D2Up
0   1450.0  1.0105
0   1452.5  1.0105
0   1455.0  1.0105
0   1457.5  1.0105
0   1460.0  1.0105
0   1462.5  1.0105
0   1465.0  1.0105
0   1467.5  1.0105
0   1470.0  1.0105
0   1472.5  1.0105
0   1475.0  1.0104
0   1477.5  1.0100
0   1480.0  1.0095
0   1482.5  1.0088
0   1485.0  1.0079
0   1487.5  1.0068
0   1490.0  1.0056
0   1492.5  1.0043
0   1495.0  1.0028
0   1497.5  1.0013
0   1500.0  0.9996
0   1502.5  0.9979
0   1505.0  0.9960
0   1507.5  0.9941
0   1510.0  0.9922
0   1512.5  0.9902
0   1515.0  0.9882
0   1517.5  0.9862
0   1520.0  0.9842
0   1522.5  0.9821
0   1525.0  0.9801
0   1527.5  0.9780
0   1530.0  0.9758
0   1532.5  0.9732
0   1535.0  0.9703
0   1537.5  0.9668
0   1540.0  0.9628
0   1542.5  0.9580
0   1545.0  0.9523
0   1547.5  0.9458
0   1550.0  0.9382
0   1552.5  0.9295
0   1555.0  0.9197
0   1557.5  0.9089
0   1560.0  0.8970
0   1562.5  0.8841
0   1565.0  0.8702
0   1567.5  0.8553
0   1570.0  0.8394
0   1572.5  0.8226
0   1575.0  0.8047
0   1577.5  0.7860
0   1580.0  0.7665
0   1582.5  0.7464
0   1585.0  0.7258
0   1587.5  0.7048
0   1590.0  0.6835
0   1592.5  0.6621
0   1595.0  0.6407
0   1597.5  0.6194
0   1600.0  0.5983
0   1602.5  0.5776
0   1605.0  0.5571
0   1607.5  0.5369
0   1610.0  0.5169
0   1612.5  0.4971
0   1615.0  0.4773
0   1617.5  0.4577
0   1620.0  0.4382
0   1622.5  0.4186
0   1625.0  0.3991
0   1627.5  0.3795
0   1630.0  0.3600
0   1632.5  0.3406
0   1635.0  0.3213
0   1637.5  0.3024
0   1640.0  0.2838
0   1642.5  0.2657
0   1645.0  0.2480
0   1647.5  0.2309
0   1650.0  0.2145
0   1652.5  0.1988
0   1655.0  0.1838
0   1657.5  0.1694
0   1660.0  0.1555
0   1662.5  0.1421
0   1665.0  0.1291
0   1667.5  0.1164
0   1670.0  0.1041
0   1672.5  0.0920
0   1675.0  0.0800
0   1677.5  0.0682
0   1680.0  0.0567
0   1682.5  0.0457
0   1685.0  0.0354
0   1687.5  0.0260
0   1690.0  0.0177
0   1692.5  0.0108
0   1695.0  0.0054
0   1697.5  0.0017
0   1700.0  0.0001
0   1702.5  0.0000
0   1705.0  0.0000
0   1707.5  0.0000
0   1710.0  0.0000
13  89  1360.0 1580.0 D3pVp
0   1360.0  1.0000
0   1362.5  1.0000
0   1365.0  1.0000
0   1367.5  1.0000
0   1370.0  1.0000
0   1372.5  0.9998
0   1375.0  0.9995
0   1377.5  0.9988
0   1380.0  0.9978
0   1382.5  0.9964
0   1385.0  0.9946
0   1387.5  0.9924
0   1390.0  0.9896
0   1392.5  0.9862
0   1395.0  0.9823
0   1397.5  0.9776
0   1400.0  0.9723
0   1402.5  0.9662
0   1405.0  0.9593
0   1407.5  0.9516
0   1410.0  0.9429
0   1412.5  0.9333
0   1415.0  0.9227
0   1417.5  0.9111
0   1420.0  0.8985
0   1422.5  0.8850
0   1425.0  0.8706
0   1427.5  0.8552
0   1430.0  0.8391
0   1432.5  0.8221
0   1435.0  0.8044
0   1437.5  0.7859
0   1440.0  0.7668
0   1442.5  0.7470
0   1445.0  0.7268
0   1447.5  0.7061
0   1450.0  0.6852
0   1452.5  0.6639
0   1455.0  0.6426
0   1457.5  0.6211
0   1460.0  0.5997
0   1462.5  0.5784
0   1465.0  0.5573
0   1467.5  0.5364
0   1470.0  0.5158
0   1472.5  0.4955
0   1475.0  0.4756
0   1477.5  0.4562
0   1480.0  0.4373
0   1482.5  0.4189
0   1485.0  0.4012
0   1487.5  0.3840
0   1490.0  0.3672
0   1492.5  0.3509
0   1495.0  0.3349
0   1497.5  0.3192
0   1500.0  0.3037
0   1502.5  0.2883
0   1505.0  0.2730
0   1507.5  0.2578
0   1510.0  0.2427
0   1512.5  0.2278
0   1515.0  0.2132
0   1517.5  0.1989
0   1520.0  0.1851
0   1522.5  0.1719
0   1525.0  0.1592
0   1527.5  0.1473
0   1530.0  0.1360
0   1532.5  0.1254
0   1535.0  0.1152
0   1537.5  0.1055
0   1540.0  0.0960
0   1542.5  0.0867
0   1545.0  0.0774
0   1547.5  0.0681
0   1550.0  0.0585
0   1552.5  0.0489
0   1555.0  0.0393
0   1557.5  0.0301
0   1560.0  0.0216
0   1562.5  0.0142
0   1565.0  0.0080
0   1567.5  0.0034
0   1570.0  0.0006
0   1572.5  0.0000
0   1575.0  0.0000
0   1577.5  0.0000
0   1580.0  0.0000
14  89  1360.0 1580.0 D3pV
0   1360.0  1.0000
0   1362.5  1.0000
0   1365.0  1.0000
0   1367.5  1.0000
0   1370.0  1.0000
0   1372.5  1.0000
0   1375.0  1.0000
0   1377.5  1.0000
0   1380.0  1.0000
0   1382.5  0.9997
0   1385.0  0.9987
0   1387.5  0.9970
0   1390.0  0.9945
0   1392.5  0.9912
0   1395.0  0.9871
0   1397.5  0.9823
0   1400.0  0.9766
0   1402.5  0.9701
0   1405.0  0.9627
0   1407.5  0.9545
0   1410.0  0.9454
0   1412.5  0.9353
0   1415.0  0.9244
0   1417.5  0.9125
0   1420.0  0.8996
0   1422.5  0.8858
0   1425.0  0.8710
0   1427.5  0.8553
0   1430.0  0.8387
0   1432.5  0.8214
0   1435.0  0.8034
0   1437.5  0.7848
0   1440.0  0.7657
0   1442.5  0.7461
0   1445.0  0.7261
0   1447.5  0.7058
0   1450.0  0.6852
0   1452.5  0.6644
0   1455.0  0.6434
0   1457.5  0.6224
0   1460.0  0.6013
0   1462.5  0.5803
0   1465.0  0.5594
0   1467.5  0.5386
0   1470.0  0.5180
0   1472.5  0.4977
0   1475.0  0.4777
0   1477.5  0.4581
0   1480.0  0.4390
0   1482.5  0.4203
0   1485.0  0.4021
0   1487.5  0.3846
0   1490.0  0.3676
0   1492.5  0.3511
0   1495.0  0.3350
0   1497.5  0.3192
0   1500.0  0.3037
0   1502.5  0.2884
0   1505.0  0.2733
0   1507.5  0.2582
0   1510.0  0.2432
0   1512.5  0.2284
0   1515.0  0.2139
0   1517.5  0.1997
0   1520.0  0.1861
0   1522.5  0.1731
0   1525.0  0.1608
0   1527.5  0.1494
0   1530.0  0.1388
0   1532.5  0.1290
0   1535.0  0.1198
0   1537.5  0.1108
0   1540.0  0.1020
0   1542.5  0.0930
0   1545.0  0.0837
0   1547.5  0.0738
0   1550.0  0.0632
0   1552.5  0.0520
0   1555.0  0.0408
0   1557.5  0.0300
0   1560.0  0.0201
0   1562.5  0.0117
0   1565.0  0.0052
0   1567.5  0.0012
0   1570.0  0.0000
0   1572.5  0.0000
0   1575.0  0.0000
0   1577.5  0.0000
0   1580.0  0.0000
15  89  1360.0 1580.0 D3pXp
0   1360.0  1.0000
0   1362.5  1.0000
0   1365.0  1.0000
0   1367.5  1.0000
0   1370.0  1.0000
0   1372.5  0.9998
0   1375.0  0.9995
0   1377.5  0.9990
0   1380.0  0.9983
0   1382.5  0.9972
0   1385.0  0.9957
0   1387.5  0.9938
0   1390.0  0.9914
0   1392.5  0.9885
0   1395.0  0.9850
0   1397.5  0.9808
0   1400.0  0.9759
0   1402.5  0.9702
0   1405.0  0.9637
0   1407.5  0.9564
0   1410.0  0.9481
0   1412.5  0.9388
0   1415.0  0.9285
0   1417.5  0.9172
0   1420.0  0.9049
0   1422.5  0.8916
0   1425.0  0.8774
0   1427.5  0.8622
0   1430.0  0.8461
0   1432.5  0.8291
0   1435.0  0.8113
0   1437.5  0.7926
0   1440.0  0.7732
0   1442.5  0.7532
0   1445.0  0.7326
0   1447.5  0.7117
0   1450.0  0.6905
0   1452.5  0.6691
0   1455.0  0.6477
0   1457.5  0.6263
0   1460.0  0.6052
0   1462.5  0.5842
0   1465.0  0.5634
0   1467.5  0.5429
0   1470.0  0.5227
0   1472.5  0.5027
0   1475.0  0.4831
0   1477.5  0.4638
0   1480.0  0.4449
0   1482.5  0.4263
0   1485.0  0.4081
0   1487.5  0.3902
0   1490.0  0.3727
0   1492.5  0.3556
0   1495.0  0.3388
0   1497.5  0.3224
0   1500.0  0.3063
0   1502.5  0.2906
0   1505.0  0.2752
0   1507.5  0.2601
0   1510.0  0.2455
0   1512.5  0.2312
0   1515.0  0.2173
0   1517.5  0.2039
0   1520.0  0.1910
0   1522.5  0.1786
0   1525.0  0.1667
0   1527.5  0.1554
0   1530.0  0.1445
0   1532.5  0.1341
0   1535.0  0.1240
0   1537.5  0.1140
0   1540.0  0.1042
0   1542.5  0.0943
0   1545.0  0.0843
0   1547.5  0.0741
0   1550.0  0.0636
0   1552.5  0.0529
0   1555.0  0.0423
0   1557.5  0.0322
0   1560.0  0.0229
0   1562.5  0.0147
0   1565.0  0.0080
0   1567.5  0.0032
0   1570.0  0.0005
0   1572.5  0.0000
0   1575.0  0.0000
0   1577.5  0.0000
0   1580.0  0.0000
16  89  1360.0 1580.0 D3pX
0   1360.0  1.0000
0   1362.5  1.0000
0   1365.0  1.0000
0   1367.5  1.0000
0   1370.0  1.0000
0   1372.5  1.0000
0   1375.0  0.9999
0   1377.5  0.9995
0   1380.0  0.9988
0   1382.5  0.9976
0   1385.0  0.9961
0   1387.5  0.9941
0   1390.0  0.9915
0   1392.5  0.9884
0   1395.0  0.9846
0   1397.5  0.9801
0   1400.0  0.9749
0   1402.5  0.9689
0   1405.0  0.9620
0   1407.5  0.9543
0   1410.0  0.9456
0   1412.5  0.9359
0   1415.0  0.9252
0   1417.5  0.9134
0   1420.0  0.9005
0   1422.5  0.8865
0   1425.0  0.8716
0   1427.5  0.8558
0   1430.0  0.8392
0   1432.5  0.8218
0   1435.0  0.8037
0   1437.5  0.7850
0   1440.0  0.7658
0   1442.5  0.7461
0   1445.0  0.7259
0   1447.5  0.7055
0   1450.0  0.6848
0   1452.5  0.6640
0   1455.0  0.6431
0   1457.5  0.6221
0   1460.0  0.6012
0   1462.5  0.5804
0   1465.0  0.5598
0   1467.5  0.5394
0   1470.0  0.5192
0   1472.5  0.4993
0   1475.0  0.4796
0   1477.5  0.4604
0   1480.0  0.4414
0   1482.5  0.4229
0   1485.0  0.4047
0   1487.5  0.3870
0   1490.0  0.3697
0   1492.5  0.3527
0   1495.0  0.3361
0   1497.5  0.3198
0   1500.0  0.3038
0   1502.5  0.2881
0   1505.0  0.2727
0   1507.5  0.2576
0   1510.0  0.2429
0   1512.5  0.2285
0   1515.0  0.2145
0   1517.5  0.2009
0   1520.0  0.1878
0   1522.5  0.1753
0   1525.0  0.1633
0   1527.5  0.1520
0   1530.0  0.1412
0   1532.5  0.1309
0   1535.0  0.1210
0   1537.5  0.1112
0   1540.0  0.1015
0   1542.5  0.0918
0   1545.0  0.0819
0   1547.5  0.0718
0   1550.0  0.0612
0   1552.5  0.0504
0   1555.0  0.0398
0   1557.5  0.0296
0   1560.0  0.0204
0   1562.5  0.0125
0   1565.0  0.0062
0   1567.5  0.0019
0   1570.0  0.0000
0   1572.5  0.0000
0   1575.0  0.0000
0   1577.5  0.0000
0   1580.0  0.0000
17  89  1360.0 1580.0 D3pUp
0   1360.0  1.0000
0   1362.5  1.0000
0   1365.0  1.0000
0   1367.5  1.0000
0   1370.0  1.0000
0   1372.5  1.0000
0   1375.0  0.9999
0   1377.5  0.9996
0   1380.0  0.9989
0   1382.5  0.9979
0   1385.0  0.9964
0   1387.5  0.9943
0   1390.0  0.9918
0   1392.5  0.9886
0   1395.0  0.9848
0   1397.5  0.9802
0   1400.0  0.9749
0   1402.5  0.9688
0   1405.0  0.9617
0   1407.5  0.9538
0   1410.0  0.9449
0   1412.5  0.9349
0   1415.0  0.9238
0   1417.5  0.9116
0   1420.0  0.8983
0   1422.5  0.8838
0   1425.0  0.8684
0   1427.5  0.8520
0   1430.0  0.8348
0   1432.5  0.8169
0   1435.0  0.7984
0   1437.5  0.7792
0   1440.0  0.7596
0   1442.5  0.7397
0   1445.0  0.7193
0   1447.5  0.6987
0   1450.0  0.6779
0   1452.5  0.6570
0   1455.0  0.6359
0   1457.5  0.6149
0   1460.0  0.5938
0   1462.5  0.5729
0   1465.0  0.5521
0   1467.5  0.5315
0   1470.0  0.5112
0   1472.5  0.4913
0   1475.0  0.4717
0   1477.5  0.4527
0   1480.0  0.4341
0   1482.5  0.4162
0   1485.0  0.3989
0   1487.5  0.3822
0   1490.0  0.3659
0   1492.5  0.3500
0   1495.0  0.3343
0   1497.5  0.3188
0   1500.0  0.3033
0   1502.5  0.2878
0   1505.0  0.2721
0   1507.5  0.2561
0   1510.0  0.2401
0   1512.5  0.2242
0   1515.0  0.2086
0   1517.5  0.1934
0   1520.0  0.1789
0   1522.5  0.1651
0   1525.0  0.1524
0   1527.5  0.1407
0   1530.0  0.1302
0   1532.5  0.1207
0   1535.0  0.1118
0   1537.5  0.1033
0   1540.0  0.0951
0   1542.5  0.0869
0   1545.0  0.0784
0   1547.5  0.0694
0   1550.0  0.0597
0   1552.5  0.0496
0   1555.0  0.0393
0   1557.5  0.0293
0   1560.0  0.0202
0   1562.5  0.0122
0   1565.0  0.0059
0   1567.5  0.0017
0   1570.0  0.0000
0   1572.5  0.0000
0   1575.0  0.0000
0   1577.5  0.0000
0   1580.0  0.0000
18  89  1360.0 1580.0 D3pU
0   1360.0  1.0000
0   1362.5  1.0000
0   1365.0  1.0000
0   1367.5  1.0000
0   1370.0  1.0000
0   1372.5  0.9997
0   1375.0  0.9992
0   1377.5  0.9983
0   1380.0  0.9970
0   1382.5  0.9954
0   1385.0  0.9932
0   1387.5  0.9906
0   1390.0  0.9875
0   1392.5  0.9837
0   1395.0  0.9793
0   1397.5  0.9743
0   1400.0  0.9686
0   1402.5  0.9621
0   1405.0  0.9548
0   1407.5  0.9466
0   1410.0  0.9376
0   1412.5  0.9277
0   1415.0  0.9169
0   1417.5  0.9050
0   1420.0  0.8923
0   1422.5  0.8786
0   1425.0  0.8641
0   1427.5  0.8488
0   1430.0  0.8327
0   1432.5  0.8159
0   1435.0  0.7984
0   1437.5  0.7802
0   1440.0  0.7614
0   1442.5  0.7421
0   1445.0  0.7222
0   1447.5  0.7020
0   1450.0  0.6814
0   1452.5  0.6605
0   1455.0  0.6394
0   1457.5  0.6181
0   1460.0  0.5967
0   1462.5  0.5753
0   1465.0  0.5540
0   1467.5  0.5329
0   1470.0  0.5120
0   1472.5  0.4915
0   1475.0  0.4714
0   1477.5  0.4518
0   1480.0  0.4329
0   1482.5  0.4147
0   1485.0  0.3971
0   1487.5  0.3802
0   1490.0  0.3638
0   1492.5  0.3477
0   1495.0  0.3319
0   1497.5  0.3163
0   1500.0  0.3008
0   1502.5  0.2853
0   1505.0  0.2696
0   1507.5  0.2539
0   1510.0  0.2382
0   1512.5  0.2226
0   1515.0  0.2074
0   1517.5  0.1927
0   1520.0  0.1786
0   1522.5  0.1652
0   1525.0  0.1528
0   1527.5  0.1414
0   1530.0  0.1310
0   1532.5  0.1214
0   1535.0  0.1124
0   1537.5  0.1039
0   1540.0  0.0956
0   1542.5  0.0873
0   1545.0  0.0788
0   1547.5  0.0700
0   1550.0  0.0606
0   1552.5  0.0507
0   1555.0  0.0407
0   1557.5  0.0311
0   1560.0  0.0221
0   1562.5  0.0141
0   1565.0  0.0076
0   1567.5  0.0028
0   1570.0  0.0003
0   1572.5  0.0000
0   1575.0  0.0000
0   1577.5  0.0000
0   1580.0  0.0000
19  85  1490.0 1700.0 D3mVp
0   1490.0  1.0000
0   1492.5  1.0000
0   1495.0  1.0000
0   1497.5  1.0000
0   1500.0  1.0000
0   1502.5  1.0000
0   1505.0  1.0000
0   1507.5  0.9996
0   1510.0  0.9986
0   1512.5  0.9972
0   1515.0  0.9951
0   1517.5  0.9924
0   1520.0  0.9891
0   1522.5  0.9850
0   1525.0  0.9802
0   1527.5  0.9746
0   1530.0  0.9681
0   1532.5  0.9608
0   1535.0  0.9525
0   1537.5  0.9433
0   1540.0  0.9331
0   1542.5  0.9219
0   1545.0  0.9096
0   1547.5  0.8961
0   1550.0  0.8816
0   1552.5  0.8660
0   1555.0  0.8495
0   1557.5  0.8322
0   1560.0  0.8141
0   1562.5  0.7953
0   1565.0  0.7760
0   1567.5  0.7562
0   1570.0  0.7359
0   1572.5  0.7154
0   1575.0  0.6945
0   1577.5  0.6734
0   1580.0  0.6522
0   1582.5  0.6308
0   1585.0  0.6094
0   1587.5  0.5880
0   1590.0  0.5666
0   1592.5  0.5454
0   1595.0  0.5243
0   1597.5  0.5035
0   1600.0  0.4829
0   1602.5  0.4626
0   1605.0  0.4427
0   1607.5  0.4231
0   1610.0  0.4041
0   1612.5  0.3855
0   1615.0  0.3673
0   1617.5  0.3496
0   1620.0  0.3324
0   1622.5  0.3155
0   1625.0  0.2990
0   1627.5  0.2828
0   1630.0  0.2669
0   1632.5  0.2513
0   1635.0  0.2361
0   1637.5  0.2212
0   1640.0  0.2068
0   1642.5  0.1928
0   1645.0  0.1794
0   1647.5  0.1666
0   1650.0  0.1545
0   1652.5  0.1431
0   1655.0  0.1324
0   1657.5  0.1223
0   1660.0  0.1126
0   1662.5  0.1033
0   1665.0  0.0940
0   1667.5  0.0848
0   1670.0  0.0753
0   1672.5  0.0656
0   1675.0  0.0554
0   1677.5  0.0450
0   1680.0  0.0347
0   1682.5  0.0251
0   1685.0  0.0165
0   1687.5  0.0093
0   1690.0  0.0039
0   1692.5  0.0007
0   1695.0  0.0000
0   1697.5  0.0000
0   1700.0  0.0000
20  85  1490.0 1700.0 D3mV
0   1490.0  1.0000
0   1492.5  1.0000
0   1495.0  1.0000
0   1497.5  1.0000
0   1500.0  1.0000
0   1502.5  0.9999
0   1505.0  0.9996
0   1507.5  0.9990
0   1510.0  0.9980
0   1512.5  0.9966
0   1515.0  0.9947
0   1517.5  0.9923
0   1520.0  0.9893
0   1522.5  0.9855
0   1525.0  0.9810
0   1527.5  0.9757
0   1530.0  0.9695
0   1532.5  0.9624
0   1535.0  0.9543
0   1537.5  0.9450
0   1540.0  0.9346
0   1542.5  0.9231
0   1545.0  0.9102
0   1547.5  0.8961
0   1550.0  0.8808
0   1552.5  0.8645
0   1555.0  0.8473
0   1557.5  0.8293
0   1560.0  0.8105
0   1562.5  0.7912
0   1565.0  0.7715
0   1567.5  0.7513
0   1570.0  0.7309
0   1572.5  0.7103
0   1575.0  0.6894
0   1577.5  0.6684
0   1580.0  0.6472
0   1582.5  0.6260
0   1585.0  0.6047
0   1587.5  0.5834
0   1590.0  0.5622
0   1592.5  0.5411
0   1595.0  0.5201
0   1597.5  0.4993
0   1600.0  0.4788
0   1602.5  0.4586
0   1605.0  0.4388
0   1607.5  0.4194
0   1610.0  0.4006
0   1612.5  0.3823
0   1615.0  0.3645
0   1617.5  0.3472
0   1620.0  0.3303
0   1622.5  0.3139
0   1625.0  0.2978
0   1627.5  0.2820
0   1630.0  0.2664
0   1632.5  0.2511
0   1635.0  0.2361
0   1637.5  0.2213
0   1640.0  0.2069
0   1642.5  0.1930
0   1645.0  0.1796
0   1647.5  0.1668
0   1650.0  0.1547
0   1652.5  0.1434
0   1655.0  0.1329
0   1657.5  0.1233
0   1660.0  0.1142
0   1662.5  0.1057
0   1665.0  0.0974
0   1667.5  0.0893
0   1670.0  0.0812
0   1672.5  0.0729
0   1675.0  0.0642
0   1677.5  0.0550
0   1680.0  0.0454
0   1682.5  0.0359
0   1685.0  0.0268
0   1687.5  0.0184
0   1690.0  0.0112
0   1692.5  0.0055
0   1695.0  0.0016
0   1697.5  0.0000
0   1700.0  0.0000
21  85  1490.0 1700.0 D3mXp
0   1490.0  1.0000
0   1492.5  1.0000
0   1495.0  1.0000
0   1497.5  1.0000
0   1500.0  1.0000
0   1502.5  0.9999
0   1505.0  0.9995
0   1507.5  0.9988
0   1510.0  0.9979
0   1512.5  0.9965
0   1515.0  0.9947
0   1517.5  0.9924
0   1520.0  0.9896
0   1522.5  0.9861
0   1525.0  0.9820
0   1527.5  0.9771
0   1530.0  0.9715
0   1532.5  0.9649
0   1535.0  0.9575
0   1537.5  0.9491
0   1540.0  0.9397
0   1542.5  0.9292
0   1545.0  0.9178
0   1547.5  0.9053
0   1550.0  0.8918
0   1552.5  0.8773
0   1555.0  0.8618
0   1557.5  0.8453
0   1560.0  0.8278
0   1562.5  0.8094
0   1565.0  0.7900
0   1567.5  0.7699
0   1570.0  0.7492
0   1572.5  0.7279
0   1575.0  0.7063
0   1577.5  0.6844
0   1580.0  0.6624
0   1582.5  0.6404
0   1585.0  0.6186
0   1587.5  0.5969
0   1590.0  0.5754
0   1592.5  0.5542
0   1595.0  0.5333
0   1597.5  0.5126
0   1600.0  0.4922
0   1602.5  0.4721
0   1605.0  0.4523
0   1607.5  0.4329
0   1610.0  0.4138
0   1612.5  0.3951
0   1615.0  0.3768
0   1617.5  0.3589
0   1620.0  0.3413
0   1622.5  0.3240
0   1625.0  0.3072
0   1627.5  0.2907
0   1630.0  0.2746
0   1632.5  0.2589
0   1635.0  0.2436
0   1637.5  0.2287
0   1640.0  0.2143
0   1642.5  0.2003
0   1645.0  0.1868
0   1647.5  0.1738
0   1650.0  0.1614
0   1652.5  0.1495
0   1655.0  0.1382
0   1657.5  0.1274
0   1660.0  0.1171
0   1662.5  0.1072
0   1665.0  0.0977
0   1667.5  0.0884
0   1670.0  0.0794
0   1672.5  0.0704
0   1675.0  0.0616
0   1677.5  0.0527
0   1680.0  0.0439
0   1682.5  0.0353
0   1685.0  0.0272
0   1687.5  0.0198
0   1690.0  0.0132
0   1692.5  0.0077
0   1695.0  0.0036
0   1697.5  0.0009
0   1700.0  0.0000
22  85  1490.0 1700.0 D3mX
0   1490.0  1.0000
0   1492.5  1.0000
0   1495.0  1.0000
0   1497.5  1.0000
0   1500.0  1.0000
0   1502.5  0.9998
0   1505.0  0.9993
0   1507.5  0.9986
0   1510.0  0.9975
0   1512.5  0.9960
0   1515.0  0.9941
0   1517.5  0.9917
0   1520.0  0.9887
0   1522.5  0.9851
0   1525.0  0.9808
0   1527.5  0.9758
0   1530.0  0.9699
0   1532.5  0.9632
0   1535.0  0.9556
0   1537.5  0.9470
0   1540.0  0.9374
0   1542.5  0.9268
0   1545.0  0.9152
0   1547.5  0.9026
0   1550.0  0.8890
0   1552.5  0.8744
0   1555.0  0.8587
0   1557.5  0.8420
0   1560.0  0.8242
0   1562.5  0.8055
0   1565.0  0.7859
0   1567.5  0.7657
0   1570.0  0.7448
0   1572.5  0.7234
0   1575.0  0.7017
0   1577.5  0.6798
0   1580.0  0.6577
0   1582.5  0.6356
0   1585.0  0.6136
0   1587.5  0.5917
0   1590.0  0.5700
0   1592.5  0.5485
0   1595.0  0.5273
0   1597.5  0.5064
0   1600.0  0.4859
0   1602.5  0.4658
0   1605.0  0.4462
0   1607.5  0.4271
0   1610.0  0.4084
0   1612.5  0.3902
0   1615.0  0.3724
0   1617.5  0.3549
0   1620.0  0.3377
0   1622.5  0.3209
0   1625.0  0.3043
0   1627.5  0.2880
0   1630.0  0.2719
0   1632.5  0.2562
0   1635.0  0.2408
0   1637.5  0.2259
0   1640.0  0.2115
0   1642.5  0.1976
0   1645.0  0.1843
0   1647.5  0.1717
0   1650.0  0.1598
0   1652.5  0.1486
0   1655.0  0.1380
0   1657.5  0.1279
0   1660.0  0.1180
0   1662.5  0.1083
0   1665.0  0.0985
0   1667.5  0.0887
0   1670.0  0.0786
0   1672.5  0.0681
0   1675.0  0.0572
0   1677.5  0.0462
0   1680.0  0.0357
0   1682.5  0.0258
0   1685.0  0.0170
0   1687.5  0.0097
0   1690.0  0.0042
0   1692.5  0.0008
0   1695.0  0.0000
0   1697.5  0.0000
0   1700.0  0.0000
23  85  1490.0 1700.0 D3mUp
0   1490.0  1.0000
0   1492.5  1.0000
0   1495.0  0.9998
0   1497.5  0.9996
0   1500.0  0.9991
0   1502.5  0.9985
0   1505.0  0.9975
0   1507.5  0.9963
0   1510.0  0.9947
0   1512.5  0.9927
0   1515.0  0.9903
0   1517.5  0.9874
0   1520.0  0.9839
0   1522.5  0.9799
0   1525.0  0.9753
0   1527.5  0.9701
0   1530.0  0.9641
0   1532.5  0.9574
0   1535.0  0.9500
0   1537.5  0.9417
0   1540.0  0.9325
0   1542.5  0.9225
0   1545.0  0.9115
0   1547.5  0.8995
0   1550.0  0.8864
0   1552.5  0.8723
0   1555.0  0.8570
0   1557.5  0.8406
0   1560.0  0.8230
0   1562.5  0.8043
0   1565.0  0.7846
0   1567.5  0.7642
0   1570.0  0.7431
0   1572.5  0.7215
0   1575.0  0.6996
0   1577.5  0.6776
0   1580.0  0.6555
0   1582.5  0.6336
0   1585.0  0.6119
0   1587.5  0.5904
0   1590.0  0.5691
0   1592.5  0.5481
0   1595.0  0.5273
0   1597.5  0.5069
0   1600.0  0.4867
0   1602.5  0.4669
0   1605.0  0.4474
0   1607.5  0.4282
0   1610.0  0.4094
0   1612.5  0.3909
0   1615.0  0.3727
0   1617.5  0.3548
0   1620.0  0.3372
0   1622.5  0.3199
0   1625.0  0.3029
0   1627.5  0.2861
0   1630.0  0.2697
0   1632.5  0.2536
0   1635.0  0.2379
0   1637.5  0.2228
0   1640.0  0.2082
0   1642.5  0.1943
0   1645.0  0.1810
0   1647.5  0.1685
0   1650.0  0.1568
0   1652.5  0.1459
0   1655.0  0.1356
0   1657.5  0.1258
0   1660.0  0.1162
0   1662.5  0.1068
0   1665.0  0.0974
0   1667.5  0.0878
0   1670.0  0.0778
0   1672.5  0.0673
0   1675.0  0.0564
0   1677.5  0.0455
0   1680.0  0.0349
0   1682.5  0.0250
0   1685.0  0.0163
0   1687.5  0.0090
0   1690.0  0.0037
0   1692.5  0.0006
0   1695.0  0.0000
0   1697.5  0.0000
0   1700.0  0.0000
24  85  1490.0 1700.0 D3mU
0   1490.0  1.0000
0   1492.5  1.0000
0   1495.0  1.0000
0   1497.5  1.0000
0   1500.0  0.9999
0   1502.5  0.9996
0   1505.0  0.9991
0   1507.5  0.9983
0   1510.0  0.9971
0   1512.5  0.9955
0   1515.0  0.9934
0   1517.5  0.9908
0   1520.0  0.9875
0   1522.5  0.9836
0   1525.0  0.9790
0   1527.5  0.9736
0   1530.0  0.9674
0   1532.5  0.9602
0   1535.0  0.9521
0   1537.5  0.9430
0   1540.0  0.9328
0   1542.5  0.9215
0   1545.0  0.9090
0   1547.5  0.8955
0   1550.0  0.8810
0   1552.5  0.8656
0   1555.0  0.8493
0   1557.5  0.8321
0   1560.0  0.8142
0   1562.5  0.7956
0   1565.0  0.7763
0   1567.5  0.7564
0   1570.0  0.7360
0   1572.5  0.7152
0   1575.0  0.6940
0   1577.5  0.6726
0   1580.0  0.6509
0   1582.5  0.6291
0   1585.0  0.6072
0   1587.5  0.5853
0   1590.0  0.5636
0   1592.5  0.5419
0   1595.0  0.5205
0   1597.5  0.4993
0   1600.0  0.4785
0   1602.5  0.4581
0   1605.0  0.4381
0   1607.5  0.4187
0   1610.0  0.3998
0   1612.5  0.3815
0   1615.0  0.3636
0   1617.5  0.3463
0   1620.0  0.3293
0   1622.5  0.3127
0   1625.0  0.2965
0   1627.5  0.2806
0   1630.0  0.2650
0   1632.5  0.2497
0   1635.0  0.2347
0   1637.5  0.2202
0   1640.0  0.2061
0   1642.5  0.1925
0   1645.0  0.1794
0   1647.5  0.1669
0   1650.0  0.1550
0   1652.5  0.1437
0   1655.0  0.1330
0   1657.5  0.1227
0   1660.0  0.1126
0   1662.5  0.1028
0   1665.0  0.0930
0   1667.5  0.0831
0   1670.0  0.0730
0   1672.5  0.0626
0   1675.0  0.0520
0   1677.5  0.0414
0   1680.0  0.0313
0   1682.5  0.0220
0   1685.0  0.0139
0   1687.5  0.0073
0   1690.0  0.0026
0   1692.5  0.0002
0   1695.0  0.0000
0   1697.5  0.0000
0   1700.0  0.0000
41  128  560  1200  P1Y1
0  562.5  2.38125
0  567.5  2.3769
0  572.5  2.37284
0  577.5  2.36921
0  582.5  2.36616
0  587.5  2.36311
0  592.5  2.35963
0  597.5  2.35702
0  602.5  2.35339
0  607.5  2.35136
0  612.5  2.34933
0  617.5  2.34774
0  622.5  2.34411
0  627.5  2.34121
0  632.5  2.33802
0  637.5  2.33482
0  642.5  2.33207
0  647.5  2.32858
0  652.5  2.32409
0  657.5  2.32046
0  662.5  2.3177
0  667.5  2.31422
0  672.5  2.31016
0  677.5  2.30769
0  682.5  2.30232
0  687.5  2.29855
0  692.5  2.29478
0  697.5  2.29159
0  702.5  2.28622
0  707.5  2.28158
0  712.5  2.27752
0  717.5  2.27258
0  722.5  2.26649
0  727.5  2.26199
0  732.5  2.25459
0  737.5  2.24748
0  742.5  2.23762
0  747.5  2.23051
0  752.5  2.22195
0  757.5  2.21179
0  762.5  2.20135
0  767.5  2.19018
0  772.5  2.18045
0  777.5  2.16827
0  782.5  2.15434
0  787.5  2.13882
0  792.5  2.12445
0  797.5  2.10965
0  802.5  2.08978
0  807.5  2.07425
0  812.5  2.05902
0  817.5  2.03943
0  822.5  2.01869
0  827.5  1.99736
0  832.5  1.9769
0  837.5  1.95645
0  842.5  1.93555
0  847.5  1.91205
0  852.5  1.89174
0  857.5  1.86708
0  862.5  1.84183
0  867.5  1.81963
0  872.5  1.79555
0  877.5  1.77176
0  882.5  1.74666
0  887.5  1.72257
0  892.5  1.69733
0  897.5  1.66991
0  902.5  1.64553
0  907.5  1.61594
0  912.5  1.58271
0  917.5  1.54963
0  922.5  1.51728
0  927.5  1.48826
0  932.5  1.45156
0  937.5  1.41717
0  942.5  1.38134
0  947.5  1.34695
0  952.5  1.30763
0  957.5  1.26658
0  962.5  1.22291
0  967.5  1.18402
0  972.5  1.14064
0  977.5  1.09407
0  982.5  1.05011
0  987.5  1.00456
0  992.5  0.958129
0  997.5  0.9162
0  1002.5  0.859037
0  1007.5  0.808839
0  1012.5  0.759946
0  1017.5  0.707861
0  1022.5  0.6536
0  1027.5  0.603546
0  1032.5  0.561907
0  1037.5  0.524476
0  1042.5  0.473842
0  1047.5  0.431187
0  1052.5  0.390999
0  1057.5  0.350231
0  1062.5  0.305255
0  1067.5  0.27058
0  1072.5  0.244175
0  1077.5  0.221977
0  1082.5  0.193686
0  1087.5  0.1741
0  1092.5  0.158866
0  1097.5  0.143632
0  1102.5  0.128544
0  1107.5  0.119549
0  1112.5  0.109828
0  1117.5  0.101268
0  1122.5  0.0902417
0  1127.5  0.0838581
0  1132.5  0.07849
0  1137.5  0.0713809
0  1142.5  0.064562
0  1147.5  0.0589038
0  1152.5  0.0538259
0  1157.5  0.0459914
0  1162.5  0.0390274
0  1167.5  0.0339495
0  1172.5  0.0301773
0  1177.5  0.0235035
0  1182.5  0.0194411
0  1187.5  0.0140731
0  1192.5  0.00899516
0  1197.5  0.00304675
42  128  560  1200  P1Y2
0  562.5  2.38125
0  567.5  2.3769
0  572.5  2.37284
0  577.5  2.36921
0  582.5  2.36616
0  587.5  2.36311
0  592.5  2.35963
0  597.5  2.35702
0  602.5  2.35339
0  607.5  2.35136
0  612.5  2.34933
0  617.5  2.34774
0  622.5  2.34411
0  627.5  2.34121
0  632.5  2.33802
0  637.5  2.33482
0  642.5  2.33207
0  647.5  2.32858
0  652.5  2.32409
0  657.5  2.32046
0  662.5  2.3177
0  667.5  2.31422
0  672.5  2.31016
0  677.5  2.30769
0  682.5  2.30232
0  687.5  2.29855
0  692.5  2.29478
0  697.5  2.29159
0  702.5  2.28622
0  707.5  2.28158
0  712.5  2.27752
0  717.5  2.27258
0  722.5  2.26649
0  727.5  2.26199
0  732.5  2.25459
0  737.5  2.24748
0  742.5  2.23762
0  747.5  2.23051
0  752.5  2.22195
0  757.5  2.21179
0  762.5  2.20135
0  767.5  2.19018
0  772.5  2.18045
0  777.5  2.16827
0  782.5  2.15434
0  787.5  2.13882
0  792.5  2.12445
0  797.5  2.10965
0  802.5  2.08978
0  807.5  2.07425
0  812.5  2.05902
0  817.5  2.03943
0  822.5  2.01869
0  827.5  1.99736
0  832.5  1.9769
0  837.5  1.95645
0  842.5  1.93555
0  847.5  1.91205
0  852.5  1.89174
0  857.5  1.86708
0  862.5  1.84183
0  867.5  1.81963
0  872.5  1.79555
0  877.5  1.77176
0  882.5  1.74666
0  887.5  1.72257
0  892.5  1.69733
0  897.5  1.66991
0  902.5  1.64553
0  907.5  1.61594
0  912.5  1.58271
0  917.5  1.54963
0  922.5  1.51728
0  927.5  1.48826
0  932.5  1.45156
0  937.5  1.41717
0  942.5  1.38134
0  947.5  1.34695
0  952.5  1.30763
0  957.5  1.26658
0  962.5  1.22291
0  967.5  1.18402
0  972.5  1.14064
0  977.5  1.09407
0  982.5  1.05011
0  987.5  1.00456
0  992.5  0.958129
0  997.5  0.9162
0  1002.5  0.859037
0  1007.5  0.808839
0  1012.5  0.759946
0  1017.5  0.707861
0  1022.5  0.6536
0  1027.5  0.603546
0  1032.5  0.561907
0  1037.5  0.524476
0  1042.5  0.473842
0  1047.5  0.431187
0  1052.5  0.390999
0  1057.5  0.350231
0  1062.5  0.305255
0  1067.5  0.27058
0  1072.5  0.244175
0  1077.5  0.221977
0  1082.5  0.193686
0  1087.5  0.1741
0  1092.5  0.158866
0  1097.5  0.143632
0  1102.5  0.128544
0  1107.5  0.119549
0  1112.5  0.109828
0  1117.5  0.101268
0  1122.5  0.0902417
0  1127.5  0.0838581
0  1132.5  0.07849
0  1137.5  0.0713809
0  1142.5  0.064562
0  1147.5  0.0589038
0  1152.5  0.0538259
0  1157.5  0.0459914
0  1162.5  0.0390274
0  1167.5  0.0339495
0  1172.5  0.0301773
0  1177.5  0.0235035
0  1182.5  0.0194411
0  1187.5  0.0140731
0  1192.5  0.00899516
0  1197.5  0.00304675
43  128  560  1200  P1X1
0  562.5  2.38125
0  567.5  2.38096
0  572.5  2.38096
0  577.5  2.38081
0  582.5  2.38081
0  587.5  2.38023
0  592.5  2.38009
0  597.5  2.37965
0  602.5  2.37936
0  607.5  2.37893
0  612.5  2.37878
0  617.5  2.37864
0  622.5  2.3782
0  627.5  2.37806
0  632.5  2.37791
0  637.5  2.37748
0  642.5  2.37719
0  647.5  2.37661
0  652.5  2.37617
0  657.5  2.37559
0  662.5  2.37516
0  667.5  2.37472
0  672.5  2.374
0  677.5  2.37356
0  682.5  2.37255
0  687.5  2.37124
0  692.5  2.37037
0  697.5  2.36906
0  702.5  2.36747
0  707.5  2.36703
0  712.5  2.36602
0  717.5  2.36486
0  722.5  2.3634
0  727.5  2.36137
0  732.5  2.35891
0  737.5  2.3576
0  742.5  2.35528
0  747.5  2.3518
0  752.5  2.34658
0  757.5  2.34135
0  762.5  2.33453
0  767.5  2.32438
0  772.5  2.31553
0  777.5  2.3016
0  782.5  2.28825
0  787.5  2.27389
0  792.5  2.25793
0  797.5  2.24226
0  802.5  2.2218
0  807.5  2.20135
0  812.5  2.18263
0  817.5  2.16319
0  822.5  2.14143
0  827.5  2.11691
0  832.5  2.09616
0  837.5  2.07164
0  842.5  2.0477
0  847.5  2.02347
0  852.5  2.00171
0  857.5  1.97748
0  862.5  1.95137
0  867.5  1.92119
0  872.5  1.89363
0  877.5  1.86504
0  882.5  1.8369
0  887.5  1.80977
0  892.5  1.78249
0  897.5  1.75318
0  902.5  1.71924
0  907.5  1.69109
0  912.5  1.66149
0  917.5  1.63204
0  922.5  1.60288
0  927.5  1.57343
0  932.5  1.54122
0  937.5  1.51235
0  942.5  1.48028
0  947.5  1.44648
0  952.5  1.41413
0  957.5  1.38148
0  962.5  1.34594
0  967.5  1.30763
0  972.5  1.2731
0  977.5  1.23887
0  982.5  1.19636
0  987.5  1.15588
0  992.5  1.11424
0  997.5  1.07187
0  1002.5  1.02878
0  1007.5  0.985115
0  1012.5  0.944201
0  1017.5  0.897194
0  1022.5  0.850913
0  1027.5  0.806227
0  1032.5  0.756464
0  1037.5  0.704524
0  1042.5  0.651568
0  1047.5  0.599339
0  1052.5  0.551461
0  1057.5  0.496765
0  1062.5  0.438006
0  1067.5  0.387082
0  1072.5  0.334707
0  1077.5  0.281316
0  1082.5  0.228071
0  1087.5  0.187157
0  1092.5  0.153208
0  1097.5  0.122595
0  1102.5  0.0972057
0  1107.5  0.0761687
0  1112.5  0.0599193
0  1117.5  0.0486029
0  1122.5  0.0381569
0  1127.5  0.0294519
0  1132.5  0.0245191
0  1137.5  0.0211821
0  1142.5  0.0162493
0  1147.5  0.0127673
0  1152.5  0.0105911
0  1157.5  0.00943041
0  1162.5  0.00870499
0  1167.5  0.00783449
0  1172.5  0.00725416
0  1177.5  0.00580333
0  1182.5  0.00435249
0  1187.5  0.00304675
0  1192.5  0.00217625
0  1197.5  0.00116067
44  128  560  1200  P1X2
0  562.5  2.38125
0  567.5  2.38096
0  572.5  2.38096
0  577.5  2.38081
0  582.5  2.38081
0  587.5  2.38023
0  592.5  2.38009
0  597.5  2.37965
0  602.5  2.37936
0  607.5  2.37893
0  612.5  2.37878
0  617.5  2.37864
0  622.5  2.3782
0  627.5  2.37806
0  632.5  2.37791
0  637.5  2.37748
0  642.5  2.37719
0  647.5  2.37661
0  652.5  2.37617
0  657.5  2.37559
0  662.5  2.37516
0  667.5  2.37472
0  672.5  2.374
0  677.5  2.37356
0  682.5  2.37255
0  687.5  2.37124
0  692.5  2.37037
0  697.5  2.36906
0  702.5  2.36747
0  707.5  2.36703
0  712.5  2.36602
0  717.5  2.36486
0  722.5  2.3634
0  727.5  2.36137
0  732.5  2.35891
0  737.5  2.3576
0  742.5  2.35528
0  747.5  2.3518
0  752.5  2.34658
0  757.5  2.34135
0  762.5  2.33453
0  767.5  2.32438
0  772.5  2.31553
0  777.5  2.3016
0  782.5  2.28825
0  787.5  2.27389
0  792.5  2.25793
0  797.5  2.24226
0  802.5  2.2218
0  807.5  2.20135
0  812.5  2.18263
0  817.5  2.16319
0  822.5  2.14143
0  827.5  2.11691
0  832.5  2.09616
0  837.5  2.07164
0  842.5  2.0477
0  847.5  2.02347
0  852.5  2.00171
0  857.5  1.97748
0  862.5  1.95137
0  867.5  1.92119
0  872.5  1.89363
0  877.5  1.86504
0  882.5  1.8369
0  887.5  1.80977
0  892.5  1.78249
0  897.5  1.75318
0  902.5  1.71924
0  907.5  1.69109
0  912.5  1.66149
0  917.5  1.63204
0  922.5  1.60288
0  927.5  1.57343
0  932.5  1.54122
0  937.5  1.51235
0  942.5  1.48028
0  947.5  1.44648
0  952.5  1.41413
0  957.5  1.38148
0  962.5  1.34594
0  967.5  1.30763
0  972.5  1.2731
0  977.5  1.23887
0  982.5  1.19636
0  987.5  1.15588
0  992.5  1.11424
0  997.5  1.07187
0  1002.5  1.02878
0  1007.5  0.985115
0  1012.5  0.944201
0  1017.5  0.897194
0  1022.5  0.850913
0  1027.5  0.806227
0  1032.5  0.756464
0  1037.5  0.704524
0  1042.5  0.651568
0  1047.5  0.599339
0  1052.5  0.551461
0  1057.5  0.496765
0  1062.5  0.438006
0  1067.5  0.387082
0  1072.5  0.334707
0  1077.5  0.281316
0  1082.5  0.228071
0  1087.5  0.187157
0  1092.5  0.153208
0  1097.5  0.122595
0  1102.5  0.0972057
0  1107.5  0.0761687
0  1112.5  0.0599193
0  1117.5  0.0486029
0  1122.5  0.0381569
0  1127.5  0.0294519
0  1132.5  0.0245191
0  1137.5  0.0211821
0  1142.5  0.0162493
0  1147.5  0.0127673
0  1152.5  0.0105911
0  1157.5  0.00943041
0  1162.5  0.00870499
0  1167.5  0.00783449
0  1172.5  0.00725416
0  1177.5  0.00580333
0  1182.5  0.00435249
0  1187.5  0.00304675
0  1192.5  0.00217625
0  1197.5  0.00116067
45  128  560  1200  P2X1
0  562.5  2.38125
0  567.5  2.38081
0  572.5  2.38038
0  577.5  2.38038
0  582.5  2.38038
0  587.5  2.38009
0  592.5  2.37936
0  597.5  2.37922
0  602.5  2.37893
0  607.5  2.3782
0  612.5  2.37777
0  617.5  2.37733
0  622.5  2.3769
0  627.5  2.37617
0  632.5  2.37617
0  637.5  2.3753
0  642.5  2.37501
0  647.5  2.37429
0  652.5  2.37385
0  657.5  2.37371
0  662.5  2.37342
0  667.5  2.37313
0  672.5  2.37269
0  677.5  2.37255
0  682.5  2.37211
0  687.5  2.37153
0  692.5  2.37051
0  697.5  2.36993
0  702.5  2.36906
0  707.5  2.36834
0  712.5  2.36631
0  717.5  2.3634
0  722.5  2.36065
0  727.5  2.35746
0  732.5  2.3518
0  737.5  2.34832
0  742.5  2.3399
0  747.5  2.33265
0  752.5  2.32525
0  757.5  2.31422
0  762.5  2.30174
0  767.5  2.29057
0  772.5  2.27635
0  777.5  2.26127
0  782.5  2.24139
0  787.5  2.22398
0  792.5  2.2041
0  797.5  2.18539
0  802.5  2.16464
0  807.5  2.1436
0  812.5  2.12097
0  817.5  2.09776
0  822.5  2.07338
0  827.5  2.05148
0  832.5  2.02681
0  837.5  2.00694
0  842.5  1.9798
0  847.5  1.9563
0  852.5  1.93425
0  857.5  1.91133
0  862.5  1.88332
0  867.5  1.85634
0  872.5  1.83197
0  877.5  1.81035
0  882.5  1.78061
0  887.5  1.75362
0  892.5  1.72794
0  897.5  1.69921
0  902.5  1.67049
0  907.5  1.64423
0  912.5  1.61245
0  917.5  1.58112
0  922.5  1.54688
0  927.5  1.51641
0  932.5  1.48435
0  937.5  1.4533
0  942.5  1.42022
0  947.5  1.38627
0  952.5  1.35334
0  957.5  1.32098
0  962.5  1.2837
0  967.5  1.2451
0  972.5  1.2097
0  977.5  1.17546
0  982.5  1.13353
0  987.5  1.09117
0  992.5  1.04852
0  997.5  1.0076
0  1002.5  0.956533
0  1007.5  0.913589
0  1012.5  0.869774
0  1017.5  0.820735
0  1022.5  0.768651
0  1027.5  0.71439
0  1032.5  0.657227
0  1037.5  0.604126
0  1042.5  0.543772
0  1047.5  0.484143
0  1052.5  0.431768
0  1057.5  0.373154
0  1062.5  0.313815
0  1067.5  0.26231
0  1072.5  0.217189
0  1077.5  0.174825
0  1082.5  0.137829
0  1087.5  0.108812
0  1092.5  0.0863245
0  1097.5  0.0702203
0  1102.5  0.0570177
0  1107.5  0.0462815
0  1112.5  0.0374315
0  1117.5  0.0309027
0  1122.5  0.0250994
0  1127.5  0.020892
0  1132.5  0.0168296
0  1137.5  0.0142182
0  1142.5  0.0113165
0  1147.5  0.00943041
0  1152.5  0.00899516
0  1157.5  0.00812466
0  1162.5  0.00710908
0  1167.5  0.00623858
0  1172.5  0.00507791
0  1177.5  0.00478774
0  1182.5  0.00319183
0  1187.5  0.00217625
0  1192.5  0.00159591
0  1197.5  0.00145083
46  128  560  1200  P2X2
0  562.5  2.38125
0  567.5  2.38081
0  572.5  2.38038
0  577.5  2.38038
0  582.5  2.38038
0  587.5  2.38009
0  592.5  2.37936
0  597.5  2.37922
0  602.5  2.37893
0  607.5  2.3782
0  612.5  2.37777
0  617.5  2.37733
0  622.5  2.3769
0  627.5  2.37617
0  632.5  2.37617
0  637.5  2.3753
0  642.5  2.37501
0  647.5  2.37429
0  652.5  2.37385
0  657.5  2.37371
0  662.5  2.37342
0  667.5  2.37313
0  672.5  2.37269
0  677.5  2.37255
0  682.5  2.37211
0  687.5  2.37153
0  692.5  2.37051
0  697.5  2.36993
0  702.5  2.36906
0  707.5  2.36834
0  712.5  2.36631
0  717.5  2.3634
0  722.5  2.36065
0  727.5  2.35746
0  732.5  2.3518
0  737.5  2.34832
0  742.5  2.3399
0  747.5  2.33265
0  752.5  2.32525
0  757.5  2.31422
0  762.5  2.30174
0  767.5  2.29057
0  772.5  2.27635
0  777.5  2.26127
0  782.5  2.24139
0  787.5  2.22398
0  792.5  2.2041
0  797.5  2.18539
0  802.5  2.16464
0  807.5  2.1436
0  812.5  2.12097
0  817.5  2.09776
0  822.5  2.07338
0  827.5  2.05148
0  832.5  2.02681
0  837.5  2.00694
0  842.5  1.9798
0  847.5  1.9563
0  852.5  1.93425
0  857.5  1.91133
0  862.5  1.88332
0  867.5  1.85634
0  872.5  1.83197
0  877.5  1.81035
0  882.5  1.78061
0  887.5  1.75362
0  892.5  1.72794
0  897.5  1.69921
0  902.5  1.67049
0  907.5  1.64423
0  912.5  1.61245
0  917.5  1.58112
0  922.5  1.54688
0  927.5  1.51641
0  932.5  1.48435
0  937.5  1.4533
0  942.5  1.42022
0  947.5  1.38627
0  952.5  1.35334
0  957.5  1.32098
0  962.5  1.2837
0  967.5  1.2451
0  972.5  1.2097
0  977.5  1.17546
0  982.5  1.13353
0  987.5  1.09117
0  992.5  1.04852
0  997.5  1.0076
0  1002.5  0.956533
0  1007.5  0.913589
0  1012.5  0.869774
0  1017.5  0.820735
0  1022.5  0.768651
0  1027.5  0.71439
0  1032.5  0.657227
0  1037.5  0.604126
0  1042.5  0.543772
0  1047.5  0.484143
0  1052.5  0.431768
0  1057.5  0.373154
0  1062.5  0.313815
0  1067.5  0.26231
0  1072.5  0.217189
0  1077.5  0.174825
0  1082.5  0.137829
0  1087.5  0.108812
0  1092.5  0.0863245
0  1097.5  0.0702203
0  1102.5  0.0570177
0  1107.5  0.0462815
0  1112.5  0.0374315
0  1117.5  0.0309027
0  1122.5  0.0250994
0  1127.5  0.020892
0  1132.5  0.0168296
0  1137.5  0.0142182
0  1142.5  0.0113165
0  1147.5  0.00943041
0  1152.5  0.00899516
0  1157.5  0.00812466
0  1162.5  0.00710908
0  1167.5  0.00623858
0  1172.5  0.00507791
0  1177.5  0.00478774
0  1182.5  0.00319183
0  1187.5  0.00217625
0  1192.5  0.00159591
0  1197.5  0.00145083
47  128  560  1200  P2Y1
0  562.5  2.38125
0  567.5  2.37965
0  572.5  2.37762
0  577.5  2.37487
0  582.5  2.37066
0  587.5  2.36747
0  592.5  2.365
0  597.5  2.36253
0  602.5  2.35934
0  607.5  2.35514
0  612.5  2.35238
0  617.5  2.34933
0  622.5  2.34585
0  627.5  2.34396
0  632.5  2.34063
0  637.5  2.33598
0  642.5  2.33279
0  647.5  2.32975
0  652.5  2.32713
0  657.5  2.32467
0  662.5  2.32133
0  667.5  2.32002
0  672.5  2.31567
0  677.5  2.31132
0  682.5  2.3074
0  687.5  2.3045
0  692.5  2.30116
0  697.5  2.29754
0  702.5  2.29217
0  707.5  2.28709
0  712.5  2.28129
0  717.5  2.27621
0  722.5  2.27099
0  727.5  2.26257
0  732.5  2.2543
0  737.5  2.24386
0  742.5  2.23356
0  747.5  2.2218
0  752.5  2.21063
0  757.5  2.19845
0  762.5  2.18147
0  767.5  2.16522
0  772.5  2.14926
0  777.5  2.12779
0  782.5  2.10835
0  787.5  2.08905
0  792.5  2.07034
0  797.5  2.0493
0  802.5  2.02783
0  807.5  2.00606
0  812.5  1.98546
0  817.5  1.96327
0  822.5  1.93628
0  827.5  1.91553
0  832.5  1.89203
0  837.5  1.86795
0  842.5  1.84256
0  847.5  1.8192
0  852.5  1.79584
0  857.5  1.77277
0  862.5  1.74375
0  867.5  1.71764
0  872.5  1.69486
0  877.5  1.66555
0  882.5  1.64162
0  887.5  1.61753
0  892.5  1.58895
0  897.5  1.56168
0  902.5  1.53469
0  907.5  1.50901
0  912.5  1.48246
0  917.5  1.45257
0  922.5  1.42211
0  927.5  1.39178
0  932.5  1.35957
0  937.5  1.33244
0  942.5  1.30111
0  947.5  1.27339
0  952.5  1.24235
0  957.5  1.20709
0  962.5  1.16835
0  967.5  1.1376
0  972.5  1.10466
0  977.5  1.06723
0  982.5  1.02951
0  987.5  0.998172
0  992.5  0.956098
0  997.5  0.922004
0  1002.5  0.879639
0  1007.5  0.840612
0  1012.5  0.801149
0  1017.5  0.759655
0  1022.5  0.712068
0  1027.5  0.669559
0  1032.5  0.629371
0  1037.5  0.583089
0  1042.5  0.531875
0  1047.5  0.489801
0  1052.5  0.442359
0  1057.5  0.398543
0  1062.5  0.354148
0  1067.5  0.315556
0  1072.5  0.276383
0  1077.5  0.244755
0  1082.5  0.214143
0  1087.5  0.191365
0  1092.5  0.167281
0  1097.5  0.145083
0  1102.5  0.125932
0  1107.5  0.110263
0  1112.5  0.0982213
0  1117.5  0.0887909
0  1122.5  0.0792154
0  1127.5  0.0710908
0  1132.5  0.0651423
0  1137.5  0.0590488
0  1142.5  0.0533906
0  1147.5  0.0480225
0  1152.5  0.0433799
0  1157.5  0.0387372
0  1162.5  0.03482
0  1167.5  0.0317732
0  1172.5  0.0284363
0  1177.5  0.0248092
0  1182.5  0.019151
0  1187.5  0.013928
0  1192.5  0.00754432
0  1197.5  0.00377216
48  128  560  1200  P2Y2
0  562.5  2.38125
0  567.5  2.37965
0  572.5  2.37762
0  577.5  2.37487
0  582.5  2.37066
0  587.5  2.36747
0  592.5  2.365
0  597.5  2.36253
0  602.5  2.35934
0  607.5  2.35514
0  612.5  2.35238
0  617.5  2.34933
0  622.5  2.34585
0  627.5  2.34396
0  632.5  2.34063
0  637.5  2.33598
0  642.5  2.33279
0  647.5  2.32975
0  652.5  2.32713
0  657.5  2.32467
0  662.5  2.32133
0  667.5  2.32002
0  672.5  2.31567
0  677.5  2.31132
0  682.5  2.3074
0  687.5  2.3045
0  692.5  2.30116
0  697.5  2.29754
0  702.5  2.29217
0  707.5  2.28709
0  712.5  2.28129
0  717.5  2.27621
0  722.5  2.27099
0  727.5  2.26257
0  732.5  2.2543
0  737.5  2.24386
0  742.5  2.23356
0  747.5  2.2218
0  752.5  2.21063
0  757.5  2.19845
0  762.5  2.18147
0  767.5  2.16522
0  772.5  2.14926
0  777.5  2.12779
0  782.5  2.10835
0  787.5  2.08905
0  792.5  2.07034
0  797.5  2.0493
0  802.5  2.02783
0  807.5  2.00606
0  812.5  1.98546
0  817.5  1.96327
0  822.5  1.93628
0  827.5  1.91553
0  832.5  1.89203
0  837.5  1.86795
0  842.5  1.84256
0  847.5  1.8192
0  852.5  1.79584
0  857.5  1.77277
0  862.5  1.74375
0  867.5  1.71764
0  872.5  1.69486
0  877.5  1.66555
0  882.5  1.64162
0  887.5  1.61753
0  892.5  1.58895
0  897.5  1.56168
0  902.5  1.53469
0  907.5  1.50901
0  912.5  1.48246
0  917.5  1.45257
0  922.5  1.42211
0  927.5  1.39178
0  932.5  1.35957
0  937.5  1.33244
0  942.5  1.30111
0  947.5  1.27339
0  952.5  1.24235
0  957.5  1.20709
0  962.5  1.16835
0  967.5  1.1376
0  972.5  1.10466
0  977.5  1.06723
0  982.5  1.02951
0  987.5  0.998172
0  992.5  0.956098
0  997.5  0.922004
0  1002.5  0.879639
0  1007.5  0.840612
0  1012.5  0.801149
0  1017.5  0.759655
0  1022.5  0.712068
0  1027.5  0.669559
0  1032.5  0.629371
0  1037.5  0.583089
0  1042.5  0.531875
0  1047.5  0.489801
0  1052.5  0.442359
0  1057.5  0.398543
0  1062.5  0.354148
0  1067.5  0.315556
0  1072.5  0.276383
0  1077.5  0.244755
0  1082.5  0.214143
0  1087.5  0.191365
0  1092.5  0.167281
0  1097.5  0.145083
0  1102.5  0.125932
0  1107.5  0.110263
0  1112.5  0.0982213
0  1117.5  0.0887909
0  1122.5  0.0792154
0  1127.5  0.0710908
0  1132.5  0.0651423
0  1137.5  0.0590488
0  1142.5  0.0533906
0  1147.5  0.0480225
0  1152.5  0.0433799
0  1157.5  0.0387372
0  1162.5  0.03482
0  1167.5  0.0317732
0  1172.5  0.0284363
0  1177.5  0.0248092
0  1182.5  0.019151
0  1187.5  0.013928
0  1192.5  0.00754432
0  1197.5  0.00377216
