           -0.249822        -0.000301391                   0           0.0259833
           -0.249822        -0.000301391           0.0442426           0.0247091
           0.0596023         0.000869493           0.0119879             0.02755
           0.0596023         9.58365e-05           0.0941124           0.0260585
            0.832403          0.00164505          0.00556343           0.0215801
            0.832403           0.0017381          -0.0126578           0.0202807
            0.323042          -0.0032714             0.22033           0.0354072
            0.323042          -0.0032714             0.21473           0.0338348
            0.110714         0.000155585           -0.021432           0.0402726
            0.110714         0.000155585           0.0050487           0.0397799
          -0.0790404         0.000821139            0.117025           0.0374062
          -0.0790404         0.000821139           0.0959208           0.0377379
          -0.0308693         0.000239636           -0.101637           0.0292127
          -0.0308693         0.000239636           -0.101637           0.0283732
          -0.0308693         0.000239636           -0.105218            0.030411
          -0.0308693         0.000239636           -0.105218           0.0307417
          -0.0308693         0.000239636           -0.102516           0.0294725
          -0.0308693         0.000239636           -0.102516           0.0292663
            -0.30143        -9.90249e-05           0.0231432           0.0304598
            -0.30143        -9.90249e-05           0.0231432           0.0303459
            -0.30143        -9.90249e-05          -0.0835062           0.0305877
            -0.30143        -9.90249e-05          -0.0835062           0.0310701
            -0.30143        -9.90249e-05           -0.185169           0.0275379
            -0.30143        -9.90249e-05           -0.185169           0.0287759
