1  45  1530.0 1640.0 D1U
0   1530.0  0.3175
0   1532.5  0.3173
0   1535.0  0.3172
0   1537.5  0.3170
0   1540.0  0.3169
0   1542.5  0.3167
0   1545.0  0.3145
0   1547.5  0.3119
0   1550.0  0.3094
0   1552.5  0.3068
0   1555.0  0.3043
0   1557.5  0.3017
0   1560.0  0.2985
0   1562.5  0.2934
0   1565.0  0.2878
0   1567.5  0.2731
0   1570.0  0.2602
0   1572.5  0.2479
0   1575.0  0.2323
0   1577.5  0.2148
0   1580.0  0.1973
0   1582.5  0.1837
0   1585.0  0.1714
0   1587.5  0.1601
0   1590.0  0.1501
0   1592.5  0.1386
0   1595.0  0.1271
0   1597.5  0.1162
0   1600.0  0.1053
0   1602.5  0.0953
0   1605.0  0.0865
0   1607.5  0.0776
0   1610.0  0.0699
0   1612.5  0.0635
0   1615.0  0.0552
0   1617.5  0.0488
0   1620.0  0.0439
0   1622.5  0.0364
0   1625.0  0.0330
0   1627.5  0.0324
0   1630.0  0.0318
0   1632.5  0.0312
0   1635.0  0.0213
0   1637.5  0.0106
0   1640.0  0.0000
2  45  1530.0 1640.0 D1Up
0   1530.0  0.3175
0   1532.5  0.3173
0   1535.0  0.3171
0   1537.5  0.3169
0   1540.0  0.3168
0   1542.5  0.3166
0   1545.0  0.3161
0   1547.5  0.3134
0   1550.0  0.3107
0   1552.5  0.3081
0   1555.0  0.3054
0   1557.5  0.3028
0   1560.0  0.3001
0   1562.5  0.2975
0   1565.0  0.2900
0   1567.5  0.2812
0   1570.0  0.2718
0   1572.5  0.2619
0   1575.0  0.2513
0   1577.5  0.2362
0   1580.0  0.2190
0   1582.5  0.2020
0   1585.0  0.1880
0   1587.5  0.1754
0   1590.0  0.1642
0   1592.5  0.1529
0   1595.0  0.1410
0   1597.5  0.1279
0   1600.0  0.1173
0   1602.5  0.1080
0   1605.0  0.1000
0   1607.5  0.0901
0   1610.0  0.0807
0   1612.5  0.0720
0   1615.0  0.0613
0   1617.5  0.0560
0   1620.0  0.0548
0   1622.5  0.0441
0   1625.0  0.0357
0   1627.5  0.0296
0   1630.0  0.0285
0   1632.5  0.0275
0   1635.0  0.0242
0   1637.5  0.0121
0   1640.0  0.0000
3  45  1530.0 1640.0 D1X
0   1530.0  0.3175
0   1532.5  0.3190
0   1535.0  0.3204
0   1537.5  0.3219
0   1540.0  0.3234
0   1542.5  0.3248
0   1545.0  0.3263
0   1547.5  0.3278
0   1550.0  0.3292
0   1552.5  0.3263
0   1555.0  0.3230
0   1557.5  0.3197
0   1560.0  0.3164
0   1562.5  0.3131
0   1565.0  0.3098
0   1567.5  0.3065
0   1570.0  0.3032
0   1572.5  0.2999
0   1575.0  0.2941
0   1577.5  0.2844
0   1580.0  0.2736
0   1582.5  0.2580
0   1585.0  0.2428
0   1587.5  0.2274
0   1590.0  0.2107
0   1592.5  0.1915
0   1595.0  0.1732
0   1597.5  0.1581
0   1600.0  0.1447
0   1602.5  0.1306
0   1605.0  0.1149
0   1607.5  0.1034
0   1610.0  0.0906
0   1612.5  0.0760
0   1615.0  0.0666
0   1617.5  0.0574
0   1620.0  0.0485
0   1622.5  0.0418
0   1625.0  0.0382
0   1627.5  0.0367
0   1630.0  0.0353
0   1632.5  0.0339
0   1635.0  0.0230
0   1637.5  0.0115
0   1640.0  0.0000
4  45  1530.0 1640.0 D1Xp
0   1530.0  0.3175
0   1532.5  0.3205
0   1535.0  0.3235
0   1537.5  0.3265
0   1540.0  0.3295
0   1542.5  0.3325
0   1545.0  0.3355
0   1547.5  0.3356
0   1550.0  0.3315
0   1552.5  0.3274
0   1555.0  0.3233
0   1557.5  0.3193
0   1560.0  0.3152
0   1562.5  0.3111
0   1565.0  0.3063
0   1567.5  0.2928
0   1570.0  0.2783
0   1572.5  0.2628
0   1575.0  0.2449
0   1577.5  0.2267
0   1580.0  0.2089
0   1582.5  0.1922
0   1585.0  0.1780
0   1587.5  0.1654
0   1590.0  0.1547
0   1592.5  0.1413
0   1595.0  0.1285
0   1597.5  0.1185
0   1600.0  0.1082
0   1602.5  0.0985
0   1605.0  0.0896
0   1607.5  0.0804
0   1610.0  0.0712
0   1612.5  0.0620
0   1615.0  0.0547
0   1617.5  0.0493
0   1620.0  0.0452
0   1622.5  0.0397
0   1625.0  0.0366
0   1627.5  0.0352
0   1630.0  0.0339
0   1632.5  0.0325
0   1635.0  0.0221
0   1637.5  0.0110
0   1640.0  0.0000
5  45  1530.0 1640.0 D1V
0   1530.0  0.3175
0   1532.5  0.3159
0   1535.0  0.3142
0   1537.5  0.3126
0   1540.0  0.3109
0   1542.5  0.3093
0   1545.0  0.3074
0   1547.5  0.3043
0   1550.0  0.3012
0   1552.5  0.2981
0   1555.0  0.2949
0   1557.5  0.2918
0   1560.0  0.2887
0   1562.5  0.2856
0   1565.0  0.2776
0   1567.5  0.2684
0   1570.0  0.2558
0   1572.5  0.2413
0   1575.0  0.2291
0   1577.5  0.2149
0   1580.0  0.1995
0   1582.5  0.1832
0   1585.0  0.1711
0   1587.5  0.1596
0   1590.0  0.1461
0   1592.5  0.1337
0   1595.0  0.1218
0   1597.5  0.1102
0   1600.0  0.0999
0   1602.5  0.0906
0   1605.0  0.0828
0   1607.5  0.0739
0   1610.0  0.0635
0   1612.5  0.0515
0   1615.0  0.0502
0   1617.5  0.0442
0   1620.0  0.0345
0   1622.5  0.0291
0   1625.0  0.0262
0   1627.5  0.0249
0   1630.0  0.0235
0   1632.5  0.0222
0   1635.0  0.0151
0   1637.5  0.0075
0   1640.0  0.0000
6  45  1530.0 1640.0 D1Vp
0   1530.0  0.3175
0   1532.5  0.3151
0   1535.0  0.3128
0   1537.5  0.3104
0   1540.0  0.3080
0   1542.5  0.3056
0   1545.0  0.3033
0   1547.5  0.3009
0   1550.0  0.2985
0   1552.5  0.2961
0   1555.0  0.2938
0   1557.5  0.2899
0   1560.0  0.2854
0   1562.5  0.2781
0   1565.0  0.2680
0   1567.5  0.2541
0   1570.0  0.2413
0   1572.5  0.2293
0   1575.0  0.2180
0   1577.5  0.2070
0   1580.0  0.1961
0   1582.5  0.1849
0   1585.0  0.1747
0   1587.5  0.1645
0   1590.0  0.1536
0   1592.5  0.1438
0   1595.0  0.1338
0   1597.5  0.1229
0   1600.0  0.1129
0   1602.5  0.1043
0   1605.0  0.0977
0   1607.5  0.0883
0   1610.0  0.0799
0   1612.5  0.0727
0   1615.0  0.0619
0   1617.5  0.0544
0   1620.0  0.0498
0   1622.5  0.0438
0   1625.0  0.0380
0   1627.5  0.0332
0   1630.0  0.0331
0   1632.5  0.0331
0   1635.0  0.0300
0   1637.5  0.0150
0   1640.0  0.0000
7  113  1320.0 1600.0 D2V
0   1320.0  1.0105
0   1322.5  1.0098
0   1325.0  1.0092
0   1327.5  1.0085
0   1330.0  1.0079
0   1332.5  1.0072
0   1335.0  1.0066
0   1337.5  1.0059
0   1340.0  1.0053
0   1342.5  1.0046
0   1345.0  1.0040
0   1347.5  1.0033
0   1350.0  1.0027
0   1352.5  1.0020
0   1355.0  1.0014
0   1357.5  1.0006
0   1360.0  0.9985
0   1362.5  0.9963
0   1365.0  0.9941
0   1367.5  0.9919
0   1370.0  0.9897
0   1372.5  0.9875
0   1375.0  0.9854
0   1377.5  0.9832
0   1380.0  0.9810
0   1382.5  0.9788
0   1385.0  0.9766
0   1387.5  0.9744
0   1390.0  0.9723
0   1392.5  0.9701
0   1395.0  0.9679
0   1397.5  0.9657
0   1400.0  0.9635
0   1402.5  0.9613
0   1405.0  0.9592
0   1407.5  0.9570
0   1410.0  0.9548
0   1412.5  0.9526
0   1415.0  0.9500
0   1417.5  0.9473
0   1420.0  0.9445
0   1422.5  0.9417
0   1425.0  0.9389
0   1427.5  0.9362
0   1430.0  0.9334
0   1432.5  0.9306
0   1435.0  0.9278
0   1437.5  0.9224
0   1440.0  0.9118
0   1442.5  0.9012
0   1445.0  0.8906
0   1447.5  0.8794
0   1450.0  0.8678
0   1452.5  0.8562
0   1455.0  0.8446
0   1457.5  0.8300
0   1460.0  0.8150
0   1462.5  0.8000
0   1465.0  0.7849
0   1467.5  0.7693
0   1470.0  0.7537
0   1472.5  0.7382
0   1475.0  0.7226
0   1477.5  0.7070
0   1480.0  0.6914
0   1482.5  0.6758
0   1485.0  0.6581
0   1487.5  0.6394
0   1490.0  0.6206
0   1492.5  0.6019
0   1495.0  0.5831
0   1497.5  0.5643
0   1500.0  0.5456
0   1502.5  0.5267
0   1505.0  0.5076
0   1507.5  0.4884
0   1510.0  0.4693
0   1512.5  0.4504
0   1515.0  0.4317
0   1517.5  0.4131
0   1520.0  0.3945
0   1522.5  0.3756
0   1525.0  0.3567
0   1527.5  0.3378
0   1530.0  0.3188
0   1532.5  0.3019
0   1535.0  0.2850
0   1537.5  0.2680
0   1540.0  0.2513
0   1542.5  0.2353
0   1545.0  0.2193
0   1547.5  0.2033
0   1550.0  0.1878
0   1552.5  0.1728
0   1555.0  0.1578
0   1557.5  0.1428
0   1560.0  0.1283
0   1562.5  0.1140
0   1565.0  0.0997
0   1567.5  0.0860
0   1570.0  0.0808
0   1572.5  0.0755
0   1575.0  0.0703
0   1577.5  0.0651
0   1580.0  0.0598
0   1582.5  0.0546
0   1585.0  0.0494
0   1587.5  0.0422
0   1590.0  0.0338
0   1592.5  0.0253
0   1595.0  0.0169
0   1597.5  0.0084
0   1600.0  0.0000
8  113  1320.0 1600.0 D2Vp
0   1320.0  1.0105
0   1322.5  1.0104
0   1325.0  1.0102
0   1327.5  1.0101
0   1330.0  1.0100
0   1332.5  1.0099
0   1335.0  1.0097
0   1337.5  1.0096
0   1340.0  1.0095
0   1342.5  1.0094
0   1345.0  1.0092
0   1347.5  1.0091
0   1350.0  1.0090
0   1352.5  1.0088
0   1355.0  1.0087
0   1357.5  1.0086
0   1360.0  1.0085
0   1362.5  1.0079
0   1365.0  1.0058
0   1367.5  1.0036
0   1370.0  1.0014
0   1372.5  0.9993
0   1375.0  0.9971
0   1377.5  0.9949
0   1380.0  0.9928
0   1382.5  0.9906
0   1385.0  0.9884
0   1387.5  0.9862
0   1390.0  0.9841
0   1392.5  0.9819
0   1395.0  0.9797
0   1397.5  0.9776
0   1400.0  0.9754
0   1402.5  0.9732
0   1405.0  0.9711
0   1407.5  0.9689
0   1410.0  0.9667
0   1412.5  0.9646
0   1415.0  0.9624
0   1417.5  0.9602
0   1420.0  0.9574
0   1422.5  0.9544
0   1425.0  0.9514
0   1427.5  0.9484
0   1430.0  0.9454
0   1432.5  0.9424
0   1435.0  0.9394
0   1437.5  0.9339
0   1440.0  0.9231
0   1442.5  0.9124
0   1445.0  0.9017
0   1447.5  0.8901
0   1450.0  0.8778
0   1452.5  0.8655
0   1455.0  0.8532
0   1457.5  0.8387
0   1460.0  0.8240
0   1462.5  0.8093
0   1465.0  0.7944
0   1467.5  0.7787
0   1470.0  0.7629
0   1472.5  0.7472
0   1475.0  0.7314
0   1477.5  0.7154
0   1480.0  0.6994
0   1482.5  0.6835
0   1485.0  0.6651
0   1487.5  0.6456
0   1490.0  0.6260
0   1492.5  0.6064
0   1495.0  0.5891
0   1497.5  0.5720
0   1500.0  0.5548
0   1502.5  0.5370
0   1505.0  0.5169
0   1507.5  0.4968
0   1510.0  0.4767
0   1512.5  0.4571
0   1515.0  0.4380
0   1517.5  0.4189
0   1520.0  0.3998
0   1522.5  0.3819
0   1525.0  0.3644
0   1527.5  0.3468
0   1530.0  0.3293
0   1532.5  0.3122
0   1535.0  0.2952
0   1537.5  0.2781
0   1540.0  0.2610
0   1542.5  0.2438
0   1545.0  0.2266
0   1547.5  0.2094
0   1550.0  0.1931
0   1552.5  0.1775
0   1555.0  0.1620
0   1557.5  0.1465
0   1560.0  0.1322
0   1562.5  0.1182
0   1565.0  0.1042
0   1567.5  0.0904
0   1570.0  0.0803
0   1572.5  0.0701
0   1575.0  0.0600
0   1577.5  0.0519
0   1580.0  0.0480
0   1582.5  0.0440
0   1585.0  0.0401
0   1587.5  0.0362
0   1590.0  0.0322
0   1592.5  0.0250
0   1595.0  0.0167
0   1597.5  0.0083
0   1600.0  0.0000
9  113  1320.0 1600.0 D2Xp
0   1320.0  1.0415
0   1322.5  1.0383
0   1325.0  1.0351
0   1327.5  1.0318
0   1330.0  1.0286
0   1332.5  1.0254
0   1335.0  1.0222
0   1337.5  1.0190
0   1340.0  1.0158
0   1342.5  1.0125
0   1345.0  1.0093
0   1347.5  1.0061
0   1350.0  1.0039
0   1352.5  1.0019
0   1355.0  1.0000
0   1357.5  0.9980
0   1360.0  0.9960
0   1362.5  0.9941
0   1365.0  0.9921
0   1367.5  0.9902
0   1370.0  0.9882
0   1372.5  0.9862
0   1375.0  0.9843
0   1377.5  0.9823
0   1380.0  0.9804
0   1382.5  0.9784
0   1385.0  0.9764
0   1387.5  0.9745
0   1390.0  0.9725
0   1392.5  0.9706
0   1395.0  0.9685
0   1397.5  0.9660
0   1400.0  0.9635
0   1402.5  0.9610
0   1405.0  0.9585
0   1407.5  0.9560
0   1410.0  0.9535
0   1412.5  0.9511
0   1415.0  0.9486
0   1417.5  0.9461
0   1420.0  0.9436
0   1422.5  0.9411
0   1425.0  0.9334
0   1427.5  0.9255
0   1430.0  0.9175
0   1432.5  0.9095
0   1435.0  0.9015
0   1437.5  0.8922
0   1440.0  0.8805
0   1442.5  0.8688
0   1445.0  0.8571
0   1447.5  0.8455
0   1450.0  0.8340
0   1452.5  0.8225
0   1455.0  0.8110
0   1457.5  0.7976
0   1460.0  0.7839
0   1462.5  0.7702
0   1465.0  0.7562
0   1467.5  0.7400
0   1470.0  0.7238
0   1472.5  0.7075
0   1475.0  0.6920
0   1477.5  0.6773
0   1480.0  0.6627
0   1482.5  0.6481
0   1485.0  0.6309
0   1487.5  0.6126
0   1490.0  0.5942
0   1492.5  0.5759
0   1495.0  0.5574
0   1497.5  0.5389
0   1500.0  0.5203
0   1502.5  0.5018
0   1505.0  0.4834
0   1507.5  0.4651
0   1510.0  0.4467
0   1512.5  0.4272
0   1515.0  0.4064
0   1517.5  0.3856
0   1520.0  0.3648
0   1522.5  0.3458
0   1525.0  0.3273
0   1527.5  0.3089
0   1530.0  0.2904
0   1532.5  0.2731
0   1535.0  0.2558
0   1537.5  0.2384
0   1540.0  0.2214
0   1542.5  0.2051
0   1545.0  0.1888
0   1547.5  0.1726
0   1550.0  0.1580
0   1552.5  0.1448
0   1555.0  0.1317
0   1557.5  0.1186
0   1560.0  0.1072
0   1562.5  0.0964
0   1565.0  0.0855
0   1567.5  0.0751
0   1570.0  0.0707
0   1572.5  0.0663
0   1575.0  0.0619
0   1577.5  0.0575
0   1580.0  0.0531
0   1582.5  0.0487
0   1585.0  0.0443
0   1587.5  0.0379
0   1590.0  0.0304
0   1592.5  0.0228
0   1595.0  0.0152
0   1597.5  0.0076
0   1600.0  0.0000
10  113  1320.0 1600.0 D2X
0   1320.0  1.0415
0   1322.5  1.0374
0   1325.0  1.0334
0   1327.5  1.0293
0   1330.0  1.0253
0   1332.5  1.0212
0   1335.0  1.0171
0   1337.5  1.0131
0   1340.0  1.0090
0   1342.5  1.0049
0   1345.0  1.0009
0   1347.5  0.9968
0   1350.0  0.9947
0   1352.5  0.9932
0   1355.0  0.9916
0   1357.5  0.9900
0   1360.0  0.9884
0   1362.5  0.9868
0   1365.0  0.9852
0   1367.5  0.9836
0   1370.0  0.9821
0   1372.5  0.9805
0   1375.0  0.9789
0   1377.5  0.9773
0   1380.0  0.9757
0   1382.5  0.9741
0   1385.0  0.9725
0   1387.5  0.9709
0   1390.0  0.9694
0   1392.5  0.9675
0   1395.0  0.9657
0   1397.5  0.9638
0   1400.0  0.9620
0   1402.5  0.9602
0   1405.0  0.9583
0   1407.5  0.9565
0   1410.0  0.9547
0   1412.5  0.9528
0   1415.0  0.9482
0   1417.5  0.9420
0   1420.0  0.9359
0   1422.5  0.9298
0   1425.0  0.9237
0   1427.5  0.9174
0   1430.0  0.9075
0   1432.5  0.8976
0   1435.0  0.8877
0   1437.5  0.8773
0   1440.0  0.8658
0   1442.5  0.8543
0   1445.0  0.8428
0   1447.5  0.8311
0   1450.0  0.8192
0   1452.5  0.8073
0   1455.0  0.7954
0   1457.5  0.7826
0   1460.0  0.7696
0   1462.5  0.7566
0   1465.0  0.7436
0   1467.5  0.7301
0   1470.0  0.7167
0   1472.5  0.7033
0   1475.0  0.6891
0   1477.5  0.6738
0   1480.0  0.6585
0   1482.5  0.6432
0   1485.0  0.6263
0   1487.5  0.6087
0   1490.0  0.5910
0   1492.5  0.5734
0   1495.0  0.5559
0   1497.5  0.5384
0   1500.0  0.5208
0   1502.5  0.5032
0   1505.0  0.4848
0   1507.5  0.4664
0   1510.0  0.4481
0   1512.5  0.4295
0   1515.0  0.4106
0   1517.5  0.3917
0   1520.0  0.3728
0   1522.5  0.3535
0   1525.0  0.3340
0   1527.5  0.3145
0   1530.0  0.2951
0   1532.5  0.2774
0   1535.0  0.2598
0   1537.5  0.2422
0   1540.0  0.2250
0   1542.5  0.2088
0   1545.0  0.1926
0   1547.5  0.1765
0   1550.0  0.1614
0   1552.5  0.1472
0   1555.0  0.1330
0   1557.5  0.1188
0   1560.0  0.1073
0   1562.5  0.0964
0   1565.0  0.0856
0   1567.5  0.0752
0   1570.0  0.0707
0   1572.5  0.0663
0   1575.0  0.0618
0   1577.5  0.0573
0   1580.0  0.0528
0   1582.5  0.0484
0   1585.0  0.0439
0   1587.5  0.0376
0   1590.0  0.0301
0   1592.5  0.0225
0   1595.0  0.0150
0   1597.5  0.0075
0   1600.0  0.0000
11  113  1320.0 1600.0 D2U
0   1320.0  1.0105
0   1322.5  1.0087
0   1325.0  1.0069
0   1327.5  1.0051
0   1330.0  1.0033
0   1332.5  1.0015
0   1335.0  0.9998
0   1337.5  0.9980
0   1340.0  0.9962
0   1342.5  0.9944
0   1345.0  0.9926
0   1347.5  0.9908
0   1350.0  0.9890
0   1352.5  0.9872
0   1355.0  0.9854
0   1357.5  0.9836
0   1360.0  0.9819
0   1362.5  0.9801
0   1365.0  0.9783
0   1367.5  0.9765
0   1370.0  0.9747
0   1372.5  0.9730
0   1375.0  0.9712
0   1377.5  0.9694
0   1380.0  0.9676
0   1382.5  0.9659
0   1385.0  0.9641
0   1387.5  0.9623
0   1390.0  0.9605
0   1392.5  0.9587
0   1395.0  0.9570
0   1397.5  0.9552
0   1400.0  0.9534
0   1402.5  0.9516
0   1405.0  0.9499
0   1407.5  0.9481
0   1410.0  0.9463
0   1412.5  0.9445
0   1415.0  0.9417
0   1417.5  0.9384
0   1420.0  0.9351
0   1422.5  0.9317
0   1425.0  0.9284
0   1427.5  0.9251
0   1430.0  0.9217
0   1432.5  0.9184
0   1435.0  0.9151
0   1437.5  0.9098
0   1440.0  0.9006
0   1442.5  0.8914
0   1445.0  0.8822
0   1447.5  0.8703
0   1450.0  0.8565
0   1452.5  0.8427
0   1455.0  0.8289
0   1457.5  0.8139
0   1460.0  0.7988
0   1462.5  0.7836
0   1465.0  0.7683
0   1467.5  0.7520
0   1470.0  0.7357
0   1472.5  0.7194
0   1475.0  0.7027
0   1477.5  0.6853
0   1480.0  0.6678
0   1482.5  0.6504
0   1485.0  0.6314
0   1487.5  0.6116
0   1490.0  0.5919
0   1492.5  0.5721
0   1495.0  0.5530
0   1497.5  0.5340
0   1500.0  0.5150
0   1502.5  0.4960
0   1505.0  0.4768
0   1507.5  0.4576
0   1510.0  0.4384
0   1512.5  0.4186
0   1515.0  0.3980
0   1517.5  0.3774
0   1520.0  0.3568
0   1522.5  0.3379
0   1525.0  0.3195
0   1527.5  0.3011
0   1530.0  0.2828
0   1532.5  0.2653
0   1535.0  0.2479
0   1537.5  0.2305
0   1540.0  0.2133
0   1542.5  0.1966
0   1545.0  0.1800
0   1547.5  0.1634
0   1550.0  0.1496
0   1552.5  0.1385
0   1555.0  0.1273
0   1557.5  0.1161
0   1560.0  0.1047
0   1562.5  0.0933
0   1565.0  0.0818
0   1567.5  0.0709
0   1570.0  0.0674
0   1572.5  0.0640
0   1575.0  0.0605
0   1577.5  0.0571
0   1580.0  0.0536
0   1582.5  0.0502
0   1585.0  0.0467
0   1587.5  0.0405
0   1590.0  0.0324
0   1592.5  0.0243
0   1595.0  0.0162
0   1597.5  0.0081
0   1600.0  0.0000
12  113  1320.0 1600.0 D2Up
0   1320.0  1.0105
0   1322.5  1.0098
0   1325.0  1.0090
0   1327.5  1.0083
0   1330.0  1.0076
0   1332.5  1.0069
0   1335.0  1.0061
0   1337.5  1.0054
0   1340.0  1.0047
0   1342.5  1.0040
0   1345.0  1.0032
0   1347.5  1.0025
0   1350.0  1.0018
0   1352.5  1.0010
0   1355.0  1.0003
0   1357.5  0.9995
0   1360.0  0.9976
0   1362.5  0.9957
0   1365.0  0.9938
0   1367.5  0.9919
0   1370.0  0.9900
0   1372.5  0.9881
0   1375.0  0.9862
0   1377.5  0.9843
0   1380.0  0.9824
0   1382.5  0.9805
0   1385.0  0.9785
0   1387.5  0.9766
0   1390.0  0.9747
0   1392.5  0.9728
0   1395.0  0.9709
0   1397.5  0.9690
0   1400.0  0.9671
0   1402.5  0.9652
0   1405.0  0.9633
0   1407.5  0.9614
0   1410.0  0.9588
0   1412.5  0.9556
0   1415.0  0.9523
0   1417.5  0.9491
0   1420.0  0.9459
0   1422.5  0.9426
0   1425.0  0.9394
0   1427.5  0.9362
0   1430.0  0.9329
0   1432.5  0.9288
0   1435.0  0.9211
0   1437.5  0.9133
0   1440.0  0.9056
0   1442.5  0.8978
0   1445.0  0.8900
0   1447.5  0.8794
0   1450.0  0.8668
0   1452.5  0.8541
0   1455.0  0.8415
0   1457.5  0.8267
0   1460.0  0.8115
0   1462.5  0.7963
0   1465.0  0.7810
0   1467.5  0.7647
0   1470.0  0.7484
0   1472.5  0.7322
0   1475.0  0.7154
0   1477.5  0.6979
0   1480.0  0.6803
0   1482.5  0.6628
0   1485.0  0.6442
0   1487.5  0.6250
0   1490.0  0.6059
0   1492.5  0.5868
0   1495.0  0.5663
0   1497.5  0.5457
0   1500.0  0.5251
0   1502.5  0.5047
0   1505.0  0.4850
0   1507.5  0.4653
0   1510.0  0.4456
0   1512.5  0.4258
0   1515.0  0.4060
0   1517.5  0.3862
0   1520.0  0.3664
0   1522.5  0.3469
0   1525.0  0.3274
0   1527.5  0.3080
0   1530.0  0.2886
0   1532.5  0.2721
0   1535.0  0.2556
0   1537.5  0.2391
0   1540.0  0.2225
0   1542.5  0.2057
0   1545.0  0.1888
0   1547.5  0.1720
0   1550.0  0.1571
0   1552.5  0.1439
0   1555.0  0.1308
0   1557.5  0.1176
0   1560.0  0.1073
0   1562.5  0.0977
0   1565.0  0.0881
0   1567.5  0.0789
0   1570.0  0.0743
0   1572.5  0.0698
0   1575.0  0.0652
0   1577.5  0.0607
0   1580.0  0.0562
0   1582.5  0.0516
0   1585.0  0.0471
0   1587.5  0.0404
0   1590.0  0.0323
0   1592.5  0.0243
0   1595.0  0.0162
0   1597.5  0.0081
0   1600.0  0.0000
13  109  1200.0 1470.0 D3pVp
0   1200.0  1.0000
0   1202.5  0.9962
0   1205.0  0.9924
0   1207.5  0.9887
0   1210.0  0.9849
0   1212.5  0.9811
0   1215.0  0.9773
0   1217.5  0.9736
0   1220.0  0.9698
0   1222.5  0.9660
0   1225.0  0.9622
0   1227.5  0.9584
0   1230.0  0.9547
0   1232.5  0.9518
0   1235.0  0.9505
0   1237.5  0.9491
0   1240.0  0.9477
0   1242.5  0.9463
0   1245.0  0.9449
0   1247.5  0.9436
0   1250.0  0.9422
0   1252.5  0.9408
0   1255.0  0.9394
0   1257.5  0.9380
0   1260.0  0.9367
0   1262.5  0.9353
0   1265.0  0.9339
0   1267.5  0.9325
0   1270.0  0.9311
0   1272.5  0.9298
0   1275.0  0.9284
0   1277.5  0.9266
0   1280.0  0.9241
0   1282.5  0.9216
0   1285.0  0.9192
0   1287.5  0.9167
0   1290.0  0.9142
0   1292.5  0.9118
0   1295.0  0.9069
0   1297.5  0.8926
0   1300.0  0.8783
0   1302.5  0.8640
0   1305.0  0.8508
0   1307.5  0.8383
0   1310.0  0.8259
0   1312.5  0.8134
0   1315.0  0.8006
0   1317.5  0.7878
0   1320.0  0.7750
0   1322.5  0.7616
0   1325.0  0.7473
0   1327.5  0.7330
0   1330.0  0.7188
0   1332.5  0.7036
0   1335.0  0.6882
0   1337.5  0.6729
0   1340.0  0.6575
0   1342.5  0.6423
0   1345.0  0.6270
0   1347.5  0.6117
0   1350.0  0.5950
0   1352.5  0.5773
0   1355.0  0.5595
0   1357.5  0.5418
0   1360.0  0.5255
0   1362.5  0.5091
0   1365.0  0.4928
0   1367.5  0.4749
0   1370.0  0.4546
0   1372.5  0.4342
0   1375.0  0.4139
0   1377.5  0.3968
0   1380.0  0.3804
0   1382.5  0.3640
0   1385.0  0.3474
0   1387.5  0.3298
0   1390.0  0.3121
0   1392.5  0.2945
0   1395.0  0.2775
0   1397.5  0.2608
0   1400.0  0.2442
0   1402.5  0.2276
0   1405.0  0.2109
0   1407.5  0.1943
0   1410.0  0.1776
0   1412.5  0.1643
0   1415.0  0.1560
0   1417.5  0.1477
0   1420.0  0.1393
0   1422.5  0.1292
0   1425.0  0.1186
0   1427.5  0.1080
0   1430.0  0.0974
0   1432.5  0.0868
0   1435.0  0.0783
0   1437.5  0.0732
0   1440.0  0.0680
0   1442.5  0.0629
0   1445.0  0.0578
0   1447.5  0.0526
0   1450.0  0.0475
0   1452.5  0.0423
0   1455.0  0.0372
0   1457.5  0.0316
0   1460.0  0.0252
0   1462.5  0.0189
0   1465.0  0.0126
0   1467.5  0.0063
0   1470.0  0.0000
14  109  1200.0 1470.0 D3pV
0   1200.0  1.0000
0   1202.5  0.9966
0   1205.0  0.9932
0   1207.5  0.9898
0   1210.0  0.9864
0   1212.5  0.9829
0   1215.0  0.9795
0   1217.5  0.9761
0   1220.0  0.9727
0   1222.5  0.9693
0   1225.0  0.9659
0   1227.5  0.9625
0   1230.0  0.9591
0   1232.5  0.9556
0   1235.0  0.9522
0   1237.5  0.9503
0   1240.0  0.9494
0   1242.5  0.9484
0   1245.0  0.9475
0   1247.5  0.9465
0   1250.0  0.9456
0   1252.5  0.9446
0   1255.0  0.9437
0   1257.5  0.9427
0   1260.0  0.9418
0   1262.5  0.9408
0   1265.0  0.9399
0   1267.5  0.9389
0   1270.0  0.9380
0   1272.5  0.9371
0   1275.0  0.9361
0   1277.5  0.9352
0   1280.0  0.9342
0   1282.5  0.9295
0   1285.0  0.9223
0   1287.5  0.9151
0   1290.0  0.9079
0   1292.5  0.9007
0   1295.0  0.8934
0   1297.5  0.8862
0   1300.0  0.8777
0   1302.5  0.8671
0   1305.0  0.8565
0   1307.5  0.8459
0   1310.0  0.8353
0   1312.5  0.8247
0   1315.0  0.8103
0   1317.5  0.7960
0   1320.0  0.7816
0   1322.5  0.7679
0   1325.0  0.7554
0   1327.5  0.7430
0   1330.0  0.7305
0   1332.5  0.7155
0   1335.0  0.6999
0   1337.5  0.6843
0   1340.0  0.6682
0   1342.5  0.6503
0   1345.0  0.6324
0   1347.5  0.6146
0   1350.0  0.5980
0   1352.5  0.5824
0   1355.0  0.5668
0   1357.5  0.5511
0   1360.0  0.5334
0   1362.5  0.5157
0   1365.0  0.4980
0   1367.5  0.4806
0   1370.0  0.4639
0   1372.5  0.4471
0   1375.0  0.4303
0   1377.5  0.4118
0   1380.0  0.3929
0   1382.5  0.3740
0   1385.0  0.3550
0   1387.5  0.3359
0   1390.0  0.3167
0   1392.5  0.2976
0   1395.0  0.2818
0   1397.5  0.2684
0   1400.0  0.2550
0   1402.5  0.2416
0   1405.0  0.2267
0   1407.5  0.2119
0   1410.0  0.1970
0   1412.5  0.1833
0   1415.0  0.1715
0   1417.5  0.1597
0   1420.0  0.1479
0   1422.5  0.1370
0   1425.0  0.1264
0   1427.5  0.1158
0   1430.0  0.1052
0   1432.5  0.0945
0   1435.0  0.0860
0   1437.5  0.0807
0   1440.0  0.0754
0   1442.5  0.0700
0   1445.0  0.0647
0   1447.5  0.0594
0   1450.0  0.0540
0   1452.5  0.0487
0   1455.0  0.0434
0   1457.5  0.0372
0   1460.0  0.0298
0   1462.5  0.0223
0   1465.0  0.0149
0   1467.5  0.0074
0   1470.0  0.0000
15  109  1200.0 1470.0 D3pXp
0   1200.0  1.0000
0   1202.5  0.9969
0   1205.0  0.9938
0   1207.5  0.9907
0   1210.0  0.9876
0   1212.5  0.9845
0   1215.0  0.9813
0   1217.5  0.9782
0   1220.0  0.9751
0   1222.5  0.9720
0   1225.0  0.9689
0   1227.5  0.9658
0   1230.0  0.9627
0   1232.5  0.9596
0   1235.0  0.9565
0   1237.5  0.9545
0   1240.0  0.9533
0   1242.5  0.9521
0   1245.0  0.9509
0   1247.5  0.9497
0   1250.0  0.9485
0   1252.5  0.9473
0   1255.0  0.9461
0   1257.5  0.9449
0   1260.0  0.9437
0   1262.5  0.9426
0   1265.0  0.9414
0   1267.5  0.9402
0   1270.0  0.9390
0   1272.5  0.9378
0   1275.0  0.9366
0   1277.5  0.9354
0   1280.0  0.9342
0   1282.5  0.9316
0   1285.0  0.9281
0   1287.5  0.9246
0   1290.0  0.9211
0   1292.5  0.9175
0   1295.0  0.9124
0   1297.5  0.9007
0   1300.0  0.8890
0   1302.5  0.8773
0   1305.0  0.8648
0   1307.5  0.8518
0   1310.0  0.8388
0   1312.5  0.8258
0   1315.0  0.8105
0   1317.5  0.7952
0   1320.0  0.7798
0   1322.5  0.7650
0   1325.0  0.7509
0   1327.5  0.7368
0   1330.0  0.7227
0   1332.5  0.7075
0   1335.0  0.6920
0   1337.5  0.6766
0   1340.0  0.6609
0   1342.5  0.6441
0   1345.0  0.6274
0   1347.5  0.6106
0   1350.0  0.5946
0   1352.5  0.5789
0   1355.0  0.5633
0   1357.5  0.5476
0   1360.0  0.5318
0   1362.5  0.5161
0   1365.0  0.5003
0   1367.5  0.4843
0   1370.0  0.4678
0   1372.5  0.4514
0   1375.0  0.4350
0   1377.5  0.4171
0   1380.0  0.3987
0   1382.5  0.3803
0   1385.0  0.3623
0   1387.5  0.3456
0   1390.0  0.3289
0   1392.5  0.3121
0   1395.0  0.2953
0   1397.5  0.2784
0   1400.0  0.2615
0   1402.5  0.2446
0   1405.0  0.2321
0   1407.5  0.2196
0   1410.0  0.2071
0   1412.5  0.1937
0   1415.0  0.1788
0   1417.5  0.1640
0   1420.0  0.1491
0   1422.5  0.1367
0   1425.0  0.1250
0   1427.5  0.1133
0   1430.0  0.1019
0   1432.5  0.0923
0   1435.0  0.0827
0   1437.5  0.0730
0   1440.0  0.0647
0   1442.5  0.0572
0   1445.0  0.0498
0   1447.5  0.0423
0   1450.0  0.0395
0   1452.5  0.0366
0   1455.0  0.0337
0   1457.5  0.0309
0   1460.0  0.0280
0   1462.5  0.0224
0   1465.0  0.0149
0   1467.5  0.0075
0   1470.0  0.0000
16  109  1200.0 1470.0 D3pX
0   1200.0  1.0000
0   1202.5  0.9968
0   1205.0  0.9935
0   1207.5  0.9903
0   1210.0  0.9870
0   1212.5  0.9838
0   1215.0  0.9805
0   1217.5  0.9773
0   1220.0  0.9740
0   1222.5  0.9708
0   1225.0  0.9675
0   1227.5  0.9643
0   1230.0  0.9610
0   1232.5  0.9578
0   1235.0  0.9545
0   1237.5  0.9524
0   1240.0  0.9510
0   1242.5  0.9496
0   1245.0  0.9482
0   1247.5  0.9468
0   1250.0  0.9454
0   1252.5  0.9440
0   1255.0  0.9426
0   1257.5  0.9412
0   1260.0  0.9398
0   1262.5  0.9384
0   1265.0  0.9370
0   1267.5  0.9356
0   1270.0  0.9342
0   1272.5  0.9328
0   1275.0  0.9314
0   1277.5  0.9301
0   1280.0  0.9287
0   1282.5  0.9258
0   1285.0  0.9221
0   1287.5  0.9184
0   1290.0  0.9146
0   1292.5  0.9109
0   1295.0  0.9059
0   1297.5  0.8960
0   1300.0  0.8860
0   1302.5  0.8761
0   1305.0  0.8640
0   1307.5  0.8505
0   1310.0  0.8369
0   1312.5  0.8234
0   1315.0  0.8090
0   1317.5  0.7945
0   1320.0  0.7801
0   1322.5  0.7654
0   1325.0  0.7505
0   1327.5  0.7355
0   1330.0  0.7205
0   1332.5  0.7065
0   1335.0  0.6927
0   1337.5  0.6789
0   1340.0  0.6646
0   1342.5  0.6480
0   1345.0  0.6314
0   1347.5  0.6148
0   1350.0  0.5981
0   1352.5  0.5814
0   1355.0  0.5647
0   1357.5  0.5480
0   1360.0  0.5314
0   1362.5  0.5148
0   1365.0  0.4981
0   1367.5  0.4816
0   1370.0  0.4652
0   1372.5  0.4488
0   1375.0  0.4325
0   1377.5  0.4149
0   1380.0  0.3971
0   1382.5  0.3792
0   1385.0  0.3613
0   1387.5  0.3432
0   1390.0  0.3251
0   1392.5  0.3070
0   1395.0  0.2913
0   1397.5  0.2771
0   1400.0  0.2629
0   1402.5  0.2488
0   1405.0  0.2330
0   1407.5  0.2173
0   1410.0  0.2015
0   1412.5  0.1869
0   1415.0  0.1740
0   1417.5  0.1611
0   1420.0  0.1481
0   1422.5  0.1363
0   1425.0  0.1247
0   1427.5  0.1132
0   1430.0  0.1020
0   1432.5  0.0923
0   1435.0  0.0825
0   1437.5  0.0728
0   1440.0  0.0662
0   1442.5  0.0618
0   1445.0  0.0575
0   1447.5  0.0531
0   1450.0  0.0487
0   1452.5  0.0443
0   1455.0  0.0399
0   1457.5  0.0345
0   1460.0  0.0276
0   1462.5  0.0207
0   1465.0  0.0138
0   1467.5  0.0069
0   1470.0  0.0000
17  109  1200.0 1470.0 D3pUp
0   1200.0  1.0000
0   1202.5  0.9967
0   1205.0  0.9933
0   1207.5  0.9900
0   1210.0  0.9866
0   1212.5  0.9833
0   1215.0  0.9800
0   1217.5  0.9766
0   1220.0  0.9733
0   1222.5  0.9699
0   1225.0  0.9666
0   1227.5  0.9633
0   1230.0  0.9599
0   1232.5  0.9574
0   1235.0  0.9560
0   1237.5  0.9546
0   1240.0  0.9532
0   1242.5  0.9518
0   1245.0  0.9504
0   1247.5  0.9490
0   1250.0  0.9476
0   1252.5  0.9462
0   1255.0  0.9448
0   1257.5  0.9435
0   1260.0  0.9421
0   1262.5  0.9407
0   1265.0  0.9393
0   1267.5  0.9379
0   1270.0  0.9365
0   1272.5  0.9351
0   1275.0  0.9337
0   1277.5  0.9312
0   1280.0  0.9270
0   1282.5  0.9228
0   1285.0  0.9186
0   1287.5  0.9145
0   1290.0  0.9103
0   1292.5  0.9061
0   1295.0  0.9001
0   1297.5  0.8871
0   1300.0  0.8740
0   1302.5  0.8610
0   1305.0  0.8477
0   1307.5  0.8344
0   1310.0  0.8210
0   1312.5  0.8076
0   1315.0  0.7943
0   1317.5  0.7811
0   1320.0  0.7678
0   1322.5  0.7545
0   1325.0  0.7413
0   1327.5  0.7281
0   1330.0  0.7149
0   1332.5  0.6996
0   1335.0  0.6838
0   1337.5  0.6680
0   1340.0  0.6523
0   1342.5  0.6367
0   1345.0  0.6211
0   1347.5  0.6056
0   1350.0  0.5888
0   1352.5  0.5713
0   1355.0  0.5537
0   1357.5  0.5362
0   1360.0  0.5204
0   1362.5  0.5046
0   1365.0  0.4889
0   1367.5  0.4725
0   1370.0  0.4552
0   1372.5  0.4379
0   1375.0  0.4206
0   1377.5  0.4022
0   1380.0  0.3836
0   1382.5  0.3650
0   1385.0  0.3469
0   1387.5  0.3310
0   1390.0  0.3151
0   1392.5  0.2992
0   1395.0  0.2828
0   1397.5  0.2660
0   1400.0  0.2492
0   1402.5  0.2324
0   1405.0  0.2175
0   1407.5  0.2026
0   1410.0  0.1877
0   1412.5  0.1730
0   1415.0  0.1584
0   1417.5  0.1437
0   1420.0  0.1291
0   1422.5  0.1201
0   1425.0  0.1124
0   1427.5  0.1047
0   1430.0  0.0971
0   1432.5  0.0894
0   1435.0  0.0827
0   1437.5  0.0775
0   1440.0  0.0723
0   1442.5  0.0670
0   1445.0  0.0618
0   1447.5  0.0566
0   1450.0  0.0514
0   1452.5  0.0462
0   1455.0  0.0409
0   1457.5  0.0350
0   1460.0  0.0280
0   1462.5  0.0210
0   1465.0  0.0140
0   1467.5  0.0070
0   1470.0  0.0000
18  109  1200.0 1470.0 D3pU
0   1200.0  1.0000
0   1202.5  0.9964
0   1205.0  0.9928
0   1207.5  0.9893
0   1210.0  0.9857
0   1212.5  0.9821
0   1215.0  0.9785
0   1217.5  0.9750
0   1220.0  0.9714
0   1222.5  0.9678
0   1225.0  0.9642
0   1227.5  0.9607
0   1230.0  0.9571
0   1232.5  0.9535
0   1235.0  0.9499
0   1237.5  0.9477
0   1240.0  0.9464
0   1242.5  0.9451
0   1245.0  0.9438
0   1247.5  0.9425
0   1250.0  0.9412
0   1252.5  0.9399
0   1255.0  0.9386
0   1257.5  0.9373
0   1260.0  0.9361
0   1262.5  0.9348
0   1265.0  0.9335
0   1267.5  0.9322
0   1270.0  0.9309
0   1272.5  0.9296
0   1275.0  0.9283
0   1277.5  0.9270
0   1280.0  0.9257
0   1282.5  0.9229
0   1285.0  0.9191
0   1287.5  0.9152
0   1290.0  0.9114
0   1292.5  0.9076
0   1295.0  0.9018
0   1297.5  0.8879
0   1300.0  0.8740
0   1302.5  0.8602
0   1305.0  0.8476
0   1307.5  0.8359
0   1310.0  0.8242
0   1312.5  0.8125
0   1315.0  0.7988
0   1317.5  0.7850
0   1320.0  0.7713
0   1322.5  0.7576
0   1325.0  0.7439
0   1327.5  0.7302
0   1330.0  0.7165
0   1332.5  0.7008
0   1335.0  0.6845
0   1337.5  0.6682
0   1340.0  0.6519
0   1342.5  0.6358
0   1345.0  0.6197
0   1347.5  0.6036
0   1350.0  0.5874
0   1352.5  0.5712
0   1355.0  0.5549
0   1357.5  0.5387
0   1360.0  0.5223
0   1362.5  0.5060
0   1365.0  0.4896
0   1367.5  0.4726
0   1370.0  0.4547
0   1372.5  0.4368
0   1375.0  0.4188
0   1377.5  0.4009
0   1380.0  0.3829
0   1382.5  0.3649
0   1385.0  0.3469
0   1387.5  0.3286
0   1390.0  0.3103
0   1392.5  0.2920
0   1395.0  0.2753
0   1397.5  0.2598
0   1400.0  0.2442
0   1402.5  0.2286
0   1405.0  0.2107
0   1407.5  0.1928
0   1410.0  0.1748
0   1412.5  0.1617
0   1415.0  0.1557
0   1417.5  0.1497
0   1420.0  0.1437
0   1422.5  0.1320
0   1425.0  0.1188
0   1427.5  0.1057
0   1430.0  0.0936
0   1432.5  0.0854
0   1435.0  0.0773
0   1437.5  0.0691
0   1440.0  0.0635
0   1442.5  0.0596
0   1445.0  0.0557
0   1447.5  0.0518
0   1450.0  0.0479
0   1452.5  0.0440
0   1455.0  0.0401
0   1457.5  0.0350
0   1460.0  0.0280
0   1462.5  0.0210
0   1465.0  0.0140
0   1467.5  0.0070
0   1470.0  0.0000
19  85  1380.0 1590.0 D3mVp
0   1380.0  1.0000
0   1382.5  0.9979
0   1385.0  0.9959
0   1387.5  0.9938
0   1390.0  0.9917
0   1392.5  0.9896
0   1395.0  0.9876
0   1397.5  0.9855
0   1400.0  0.9816
0   1402.5  0.9777
0   1405.0  0.9738
0   1407.5  0.9700
0   1410.0  0.9661
0   1412.5  0.9622
0   1415.0  0.9583
0   1417.5  0.9544
0   1420.0  0.9505
0   1422.5  0.9462
0   1425.0  0.9400
0   1427.5  0.9338
0   1430.0  0.9276
0   1432.5  0.9214
0   1435.0  0.9066
0   1437.5  0.8918
0   1440.0  0.8762
0   1442.5  0.8573
0   1445.0  0.8384
0   1447.5  0.8206
0   1450.0  0.8047
0   1452.5  0.7888
0   1455.0  0.7713
0   1457.5  0.7526
0   1460.0  0.7340
0   1462.5  0.7138
0   1465.0  0.6933
0   1467.5  0.6727
0   1470.0  0.6521
0   1472.5  0.6314
0   1475.0  0.6106
0   1477.5  0.5892
0   1480.0  0.5678
0   1482.5  0.5463
0   1485.0  0.5246
0   1487.5  0.5030
0   1490.0  0.4824
0   1492.5  0.4626
0   1495.0  0.4427
0   1497.5  0.4227
0   1500.0  0.4025
0   1502.5  0.3824
0   1505.0  0.3628
0   1507.5  0.3432
0   1510.0  0.3238
0   1512.5  0.3049
0   1515.0  0.2861
0   1517.5  0.2670
0   1520.0  0.2473
0   1522.5  0.2277
0   1525.0  0.2130
0   1527.5  0.2017
0   1530.0  0.1904
0   1532.5  0.1800
0   1535.0  0.1698
0   1537.5  0.1597
0   1540.0  0.1520
0   1542.5  0.1443
0   1545.0  0.1352
0   1547.5  0.1202
0   1550.0  0.1052
0   1552.5  0.0935
0   1555.0  0.0869
0   1557.5  0.0802
0   1560.0  0.0736
0   1562.5  0.0673
0   1565.0  0.0626
0   1567.5  0.0578
0   1570.0  0.0530
0   1572.5  0.0482
0   1575.0  0.0434
0   1577.5  0.0386
0   1580.0  0.0331
0   1582.5  0.0248
0   1585.0  0.0166
0   1587.5  0.0083
0   1590.0  0.0000
20  85  1380.0 1590.0 D3mV
0   1380.0  1.0000
0   1382.5  0.9965
0   1385.0  0.9929
0   1387.5  0.9894
0   1390.0  0.9859
0   1392.5  0.9824
0   1395.0  0.9788
0   1397.5  0.9753
0   1400.0  0.9727
0   1402.5  0.9701
0   1405.0  0.9675
0   1407.5  0.9648
0   1410.0  0.9622
0   1412.5  0.9596
0   1415.0  0.9570
0   1417.5  0.9544
0   1420.0  0.9518
0   1422.5  0.9485
0   1425.0  0.9423
0   1427.5  0.9362
0   1430.0  0.9301
0   1432.5  0.9240
0   1435.0  0.9095
0   1437.5  0.8950
0   1440.0  0.8798
0   1442.5  0.8620
0   1445.0  0.8442
0   1447.5  0.8258
0   1450.0  0.8065
0   1452.5  0.7872
0   1455.0  0.7685
0   1457.5  0.7503
0   1460.0  0.7320
0   1462.5  0.7133
0   1465.0  0.6944
0   1467.5  0.6756
0   1470.0  0.6563
0   1472.5  0.6371
0   1475.0  0.6172
0   1477.5  0.5951
0   1480.0  0.5729
0   1482.5  0.5511
0   1485.0  0.5300
0   1487.5  0.5089
0   1490.0  0.4878
0   1492.5  0.4667
0   1495.0  0.4456
0   1497.5  0.4235
0   1500.0  0.4011
0   1502.5  0.3787
0   1505.0  0.3615
0   1507.5  0.3442
0   1510.0  0.3271
0   1512.5  0.3104
0   1515.0  0.2936
0   1517.5  0.2769
0   1520.0  0.2603
0   1522.5  0.2436
0   1525.0  0.2280
0   1527.5  0.2132
0   1530.0  0.1984
0   1532.5  0.1870
0   1535.0  0.1765
0   1537.5  0.1660
0   1540.0  0.1529
0   1542.5  0.1397
0   1545.0  0.1275
0   1547.5  0.1186
0   1550.0  0.1098
0   1552.5  0.1011
0   1555.0  0.0927
0   1557.5  0.0843
0   1560.0  0.0759
0   1562.5  0.0685
0   1565.0  0.0650
0   1567.5  0.0616
0   1570.0  0.0581
0   1572.5  0.0546
0   1575.0  0.0511
0   1577.5  0.0477
0   1580.0  0.0427
0   1582.5  0.0321
0   1585.0  0.0214
0   1587.5  0.0107
0   1590.0  0.0000
21  85  1380.0 1590.0 D3mXp
0   1380.0  1.0000
0   1382.5  0.9969
0   1385.0  0.9938
0   1387.5  0.9907
0   1390.0  0.9876
0   1392.5  0.9845
0   1395.0  0.9814
0   1397.5  0.9783
0   1400.0  0.9755
0   1402.5  0.9726
0   1405.0  0.9698
0   1407.5  0.9669
0   1410.0  0.9641
0   1412.5  0.9612
0   1415.0  0.9584
0   1417.5  0.9555
0   1420.0  0.9527
0   1422.5  0.9489
0   1425.0  0.9414
0   1427.5  0.9339
0   1430.0  0.9264
0   1432.5  0.9189
0   1435.0  0.9060
0   1437.5  0.8931
0   1440.0  0.8794
0   1442.5  0.8626
0   1445.0  0.8458
0   1447.5  0.8284
0   1450.0  0.8104
0   1452.5  0.7923
0   1455.0  0.7743
0   1457.5  0.7564
0   1460.0  0.7385
0   1462.5  0.7186
0   1465.0  0.6982
0   1467.5  0.6777
0   1470.0  0.6567
0   1472.5  0.6356
0   1475.0  0.6148
0   1477.5  0.5948
0   1480.0  0.5749
0   1482.5  0.5551
0   1485.0  0.5354
0   1487.5  0.5157
0   1490.0  0.4947
0   1492.5  0.4729
0   1495.0  0.4511
0   1497.5  0.4313
0   1500.0  0.4120
0   1502.5  0.3927
0   1505.0  0.3716
0   1507.5  0.3505
0   1510.0  0.3306
0   1512.5  0.3155
0   1515.0  0.3004
0   1517.5  0.2844
0   1520.0  0.2670
0   1522.5  0.2496
0   1525.0  0.2325
0   1527.5  0.2155
0   1530.0  0.1985
0   1532.5  0.1870
0   1535.0  0.1770
0   1537.5  0.1670
0   1540.0  0.1549
0   1542.5  0.1428
0   1545.0  0.1308
0   1547.5  0.1195
0   1550.0  0.1081
0   1552.5  0.0983
0   1555.0  0.0906
0   1557.5  0.0830
0   1560.0  0.0753
0   1562.5  0.0683
0   1565.0  0.0637
0   1567.5  0.0590
0   1570.0  0.0544
0   1572.5  0.0498
0   1575.0  0.0451
0   1577.5  0.0405
0   1580.0  0.0350
0   1582.5  0.0263
0   1585.0  0.0175
0   1587.5  0.0088
0   1590.0  0.0000
22  85  1380.0 1590.0 D3mX
0   1380.0  1.0000
0   1382.5  0.9967
0   1385.0  0.9933
0   1387.5  0.9900
0   1390.0  0.9866
0   1392.5  0.9833
0   1395.0  0.9799
0   1397.5  0.9766
0   1400.0  0.9738
0   1402.5  0.9711
0   1405.0  0.9683
0   1407.5  0.9655
0   1410.0  0.9628
0   1412.5  0.9600
0   1415.0  0.9573
0   1417.5  0.9545
0   1420.0  0.9517
0   1422.5  0.9482
0   1425.0  0.9418
0   1427.5  0.9353
0   1430.0  0.9288
0   1432.5  0.9223
0   1435.0  0.9111
0   1437.5  0.8998
0   1440.0  0.8871
0   1442.5  0.8690
0   1445.0  0.8509
0   1447.5  0.8331
0   1450.0  0.8158
0   1452.5  0.7984
0   1455.0  0.7800
0   1457.5  0.7609
0   1460.0  0.7418
0   1462.5  0.7238
0   1465.0  0.7062
0   1467.5  0.6885
0   1470.0  0.6641
0   1472.5  0.6398
0   1475.0  0.6165
0   1477.5  0.5974
0   1480.0  0.5783
0   1482.5  0.5584
0   1485.0  0.5373
0   1487.5  0.5162
0   1490.0  0.4950
0   1492.5  0.4737
0   1495.0  0.4525
0   1497.5  0.4326
0   1500.0  0.4131
0   1502.5  0.3936
0   1505.0  0.3737
0   1507.5  0.3538
0   1510.0  0.3348
0   1512.5  0.3196
0   1515.0  0.3043
0   1517.5  0.2881
0   1520.0  0.2704
0   1522.5  0.2527
0   1525.0  0.2362
0   1527.5  0.2207
0   1530.0  0.2051
0   1532.5  0.1877
0   1535.0  0.1699
0   1537.5  0.1520
0   1540.0  0.1496
0   1542.5  0.1473
0   1545.0  0.1426
0   1547.5  0.1290
0   1550.0  0.1153
0   1552.5  0.1040
0   1555.0  0.0962
0   1557.5  0.0884
0   1560.0  0.0805
0   1562.5  0.0733
0   1565.0  0.0687
0   1567.5  0.0641
0   1570.0  0.0594
0   1572.5  0.0548
0   1575.0  0.0502
0   1577.5  0.0455
0   1580.0  0.0398
0   1582.5  0.0299
0   1585.0  0.0199
0   1587.5  0.0100
0   1590.0  0.0000
23  85  1380.0 1590.0 D3mUp
0   1380.0  1.0000
0   1382.5  0.9972
0   1385.0  0.9943
0   1387.5  0.9915
0   1390.0  0.9886
0   1392.5  0.9858
0   1395.0  0.9830
0   1397.5  0.9801
0   1400.0  0.9777
0   1402.5  0.9753
0   1405.0  0.9728
0   1407.5  0.9704
0   1410.0  0.9680
0   1412.5  0.9655
0   1415.0  0.9631
0   1417.5  0.9607
0   1420.0  0.9582
0   1422.5  0.9547
0   1425.0  0.9470
0   1427.5  0.9392
0   1430.0  0.9315
0   1432.5  0.9237
0   1435.0  0.9052
0   1437.5  0.8866
0   1440.0  0.8687
0   1442.5  0.8535
0   1445.0  0.8382
0   1447.5  0.8225
0   1450.0  0.8060
0   1452.5  0.7895
0   1455.0  0.7730
0   1457.5  0.7564
0   1460.0  0.7399
0   1462.5  0.7199
0   1465.0  0.6989
0   1467.5  0.6780
0   1470.0  0.6569
0   1472.5  0.6358
0   1475.0  0.6147
0   1477.5  0.5937
0   1480.0  0.5727
0   1482.5  0.5510
0   1485.0  0.5281
0   1487.5  0.5052
0   1490.0  0.4852
0   1492.5  0.4670
0   1495.0  0.4488
0   1497.5  0.4268
0   1500.0  0.4038
0   1502.5  0.3808
0   1505.0  0.3629
0   1507.5  0.3450
0   1510.0  0.3267
0   1512.5  0.3070
0   1515.0  0.2872
0   1517.5  0.2679
0   1520.0  0.2490
0   1522.5  0.2301
0   1525.0  0.2157
0   1527.5  0.2041
0   1530.0  0.1925
0   1532.5  0.1831
0   1535.0  0.1742
0   1537.5  0.1653
0   1540.0  0.1500
0   1542.5  0.1347
0   1545.0  0.1210
0   1547.5  0.1133
0   1550.0  0.1057
0   1552.5  0.0976
0   1555.0  0.0889
0   1557.5  0.0802
0   1560.0  0.0716
0   1562.5  0.0638
0   1565.0  0.0599
0   1567.5  0.0559
0   1570.0  0.0520
0   1572.5  0.0480
0   1575.0  0.0441
0   1577.5  0.0401
0   1580.0  0.0352
0   1582.5  0.0264
0   1585.0  0.0176
0   1587.5  0.0088
0   1590.0  0.0000
24  85  1380.0 1590.0 D3mU
0   1380.0  1.0000
0   1382.5  0.9960
0   1385.0  0.9920
0   1387.5  0.9880
0   1390.0  0.9839
0   1392.5  0.9799
0   1395.0  0.9759
0   1397.5  0.9719
0   1400.0  0.9692
0   1402.5  0.9664
0   1405.0  0.9637
0   1407.5  0.9609
0   1410.0  0.9582
0   1412.5  0.9555
0   1415.0  0.9527
0   1417.5  0.9500
0   1420.0  0.9472
0   1422.5  0.9437
0   1425.0  0.9370
0   1427.5  0.9302
0   1430.0  0.9234
0   1432.5  0.9167
0   1435.0  0.9040
0   1437.5  0.8912
0   1440.0  0.8775
0   1442.5  0.8600
0   1445.0  0.8425
0   1447.5  0.8249
0   1450.0  0.8074
0   1452.5  0.7898
0   1455.0  0.7717
0   1457.5  0.7533
0   1460.0  0.7349
0   1462.5  0.7142
0   1465.0  0.6930
0   1467.5  0.6717
0   1470.0  0.6519
0   1472.5  0.6321
0   1475.0  0.6115
0   1477.5  0.5877
0   1480.0  0.5640
0   1482.5  0.5413
0   1485.0  0.5204
0   1487.5  0.4994
0   1490.0  0.4785
0   1492.5  0.4577
0   1495.0  0.4370
0   1497.5  0.4178
0   1500.0  0.3990
0   1502.5  0.3803
0   1505.0  0.3602
0   1507.5  0.3401
0   1510.0  0.3202
0   1512.5  0.3007
0   1515.0  0.2813
0   1517.5  0.2634
0   1520.0  0.2478
0   1522.5  0.2322
0   1525.0  0.2167
0   1527.5  0.2013
0   1530.0  0.1859
0   1532.5  0.1727
0   1535.0  0.1601
0   1537.5  0.1475
0   1540.0  0.1396
0   1542.5  0.1317
0   1545.0  0.1235
0   1547.5  0.1144
0   1550.0  0.1052
0   1552.5  0.0960
0   1555.0  0.0869
0   1557.5  0.0826
0   1560.0  0.0783
0   1562.5  0.0741
0   1565.0  0.0698
0   1567.5  0.0656
0   1570.0  0.0613
0   1572.5  0.0570
0   1575.0  0.0528
0   1577.5  0.0456
0   1580.0  0.0365
0   1582.5  0.0274
0   1585.0  0.0182
0   1587.5  0.0091
0   1590.0  0.0000
41  132  400  1060  P1Y1
0  402.5  2.38125
0  407.5  2.38052
0  412.5  2.37986
0  417.5  2.37901
0  422.5  2.37797
0  427.5  2.37704
0  432.5  2.37583
0  437.5  2.37415
0  442.5  2.37223
0  447.5  2.3701
0  452.5  2.36768
0  457.5  2.36544
0  462.5  2.36234
0  467.5  2.35942
0  472.5  2.35652
0  477.5  2.35352
0  482.5  2.35005
0  487.5  2.34665
0  492.5  2.34264
0  497.5  2.33899
0  502.5  2.33443
0  507.5  2.32678
0  512.5  2.31981
0  517.5  2.31251
0  522.5  2.30434
0  527.5  2.29623
0  532.5  2.28717
0  537.5  2.27818
0  542.5  2.26856
0  547.5  2.25942
0  552.5  2.24958
0  557.5  2.23915
0  562.5  2.22741
0  567.5  2.21776
0  572.5  2.20649
0  577.5  2.19445
0  582.5  2.1818
0  587.5  2.17008
0  592.5  2.15889
0  597.5  2.14683
0  602.5  2.13343
0  607.5  2.12094
0  612.5  2.1077
0  617.5  2.09455
0  622.5  2.08047
0  627.5  2.06627
0  632.5  2.05184
0  637.5  2.03865
0  642.5  2.02412
0  647.5  2.00989
0  652.5  1.99586
0  657.5  1.98203
0  662.5  1.96672
0  667.5  1.95282
0  672.5  1.93757
0  677.5  1.92299
0  682.5  1.90566
0  687.5  1.89174
0  692.5  1.87703
0  697.5  1.86142
0  702.5  1.84547
0  707.5  1.82893
0  712.5  1.81185
0  717.5  1.79539
0  722.5  1.77778
0  727.5  1.76016
0  732.5  1.74407
0  737.5  1.72604
0  742.5  1.70604
0  747.5  1.68819
0  752.5  1.67071
0  757.5  1.65233
0  762.5  1.63203
0  767.5  1.6143
0  772.5  1.59602
0  777.5  1.5769
0  782.5  1.55462
0  787.5  1.53505
0  792.5  1.51458
0  797.5  1.49348
0  802.5  1.47043
0  807.5  1.44895
0  812.5  1.42727
0  817.5  1.40519
0  822.5  1.38023
0  827.5  1.35589
0  832.5  1.33158
0  837.5  1.30713
0  842.5  1.27933
0  847.5  1.25399
0  852.5  1.22809
0  857.5  1.20033
0  862.5  1.16774
0  867.5  1.13889
0  872.5  1.10991
0  877.5  1.08012
0  882.5  1.04445
0  887.5  1.0128
0  892.5  0.977951
0  897.5  0.941908
0  902.5  0.90341
0  907.5  0.865576
0  912.5  0.825419
0  917.5  0.784981
0  922.5  0.739384
0  927.5  0.695596
0  932.5  0.64975
0  937.5  0.60072
0  942.5  0.546
0  947.5  0.496572
0  952.5  0.44517
0  957.5  0.394896
0  962.5  0.341487
0  967.5  0.295707
0  972.5  0.252184
0  977.5  0.212691
0  982.5  0.174774
0  987.5  0.144503
0  992.5  0.117566
0  997.5  0.0948426
0  1002.5  0.0752538
0  1007.5  0.0609892
0  1012.5  0.04908
0  1017.5  0.0394099
0  1022.5  0.0305029
0  1027.5  0.023719
0  1032.5  0.0189254
0  1037.5  0.0148451
0  1042.5  0.0106652
0  1047.5  0.00774598
0  1052.5  0.00484331
0  1057.5  0.00270363
42  132  400  1060  P1Y2
0  402.5  2.38125
0  407.5  2.38052
0  412.5  2.37986
0  417.5  2.37901
0  422.5  2.37797
0  427.5  2.37704
0  432.5  2.37583
0  437.5  2.37415
0  442.5  2.37223
0  447.5  2.3701
0  452.5  2.36768
0  457.5  2.36544
0  462.5  2.36234
0  467.5  2.35942
0  472.5  2.35652
0  477.5  2.35352
0  482.5  2.35005
0  487.5  2.34665
0  492.5  2.34264
0  497.5  2.33899
0  502.5  2.33443
0  507.5  2.32678
0  512.5  2.31981
0  517.5  2.31251
0  522.5  2.30434
0  527.5  2.29623
0  532.5  2.28717
0  537.5  2.27818
0  542.5  2.26856
0  547.5  2.25942
0  552.5  2.24958
0  557.5  2.23915
0  562.5  2.22741
0  567.5  2.21776
0  572.5  2.20649
0  577.5  2.19445
0  582.5  2.1818
0  587.5  2.17008
0  592.5  2.15889
0  597.5  2.14683
0  602.5  2.13343
0  607.5  2.12094
0  612.5  2.1077
0  617.5  2.09455
0  622.5  2.08047
0  627.5  2.06627
0  632.5  2.05184
0  637.5  2.03865
0  642.5  2.02412
0  647.5  2.00989
0  652.5  1.99586
0  657.5  1.98203
0  662.5  1.96672
0  667.5  1.95282
0  672.5  1.93757
0  677.5  1.92299
0  682.5  1.90566
0  687.5  1.89174
0  692.5  1.87703
0  697.5  1.86142
0  702.5  1.84547
0  707.5  1.82893
0  712.5  1.81185
0  717.5  1.79539
0  722.5  1.77778
0  727.5  1.76016
0  732.5  1.74407
0  737.5  1.72604
0  742.5  1.70604
0  747.5  1.68819
0  752.5  1.67071
0  757.5  1.65233
0  762.5  1.63203
0  767.5  1.6143
0  772.5  1.59602
0  777.5  1.5769
0  782.5  1.55462
0  787.5  1.53505
0  792.5  1.51458
0  797.5  1.49348
0  802.5  1.47043
0  807.5  1.44895
0  812.5  1.42727
0  817.5  1.40519
0  822.5  1.38023
0  827.5  1.35589
0  832.5  1.33158
0  837.5  1.30713
0  842.5  1.27933
0  847.5  1.25399
0  852.5  1.22809
0  857.5  1.20033
0  862.5  1.16774
0  867.5  1.13889
0  872.5  1.10991
0  877.5  1.08012
0  882.5  1.04445
0  887.5  1.0128
0  892.5  0.977951
0  897.5  0.941908
0  902.5  0.90341
0  907.5  0.865576
0  912.5  0.825419
0  917.5  0.784981
0  922.5  0.739384
0  927.5  0.695596
0  932.5  0.64975
0  937.5  0.60072
0  942.5  0.546
0  947.5  0.496572
0  952.5  0.44517
0  957.5  0.394896
0  962.5  0.341487
0  967.5  0.295707
0  972.5  0.252184
0  977.5  0.212691
0  982.5  0.174774
0  987.5  0.144503
0  992.5  0.117566
0  997.5  0.0948426
0  1002.5  0.0752538
0  1007.5  0.0609892
0  1012.5  0.04908
0  1017.5  0.0394099
0  1022.5  0.0305029
0  1027.5  0.023719
0  1032.5  0.0189254
0  1037.5  0.0148451
0  1042.5  0.0106652
0  1047.5  0.00774598
0  1052.5  0.00484331
0  1057.5  0.00270363
43  132  400  1060  P1X1
0  402.5  2.38125
0  407.5  2.38087
0  412.5  2.3804
0  417.5  2.38002
0  422.5  2.37964
0  427.5  2.37929
0  432.5  2.37884
0  437.5  2.37846
0  442.5  2.37799
0  447.5  2.37751
0  452.5  2.37688
0  457.5  2.37631
0  462.5  2.37571
0  467.5  2.37504
0  472.5  2.37428
0  477.5  2.37352
0  482.5  2.37243
0  487.5  2.37135
0  492.5  2.37
0  497.5  2.36862
0  502.5  2.36711
0  507.5  2.36408
0  512.5  2.36075
0  517.5  2.3572
0  522.5  2.35328
0  527.5  2.34886
0  532.5  2.3438
0  537.5  2.33805
0  542.5  2.33048
0  547.5  2.32373
0  552.5  2.31559
0  557.5  2.30714
0  562.5  2.29738
0  567.5  2.28768
0  572.5  2.27776
0  577.5  2.26672
0  582.5  2.25334
0  587.5  2.24141
0  592.5  2.22944
0  597.5  2.21726
0  602.5  2.20291
0  607.5  2.18993
0  612.5  2.17646
0  617.5  2.16302
0  622.5  2.1477
0  627.5  2.13359
0  632.5  2.1186
0  637.5  2.10446
0  642.5  2.08787
0  647.5  2.07306
0  652.5  2.05747
0  657.5  2.04274
0  662.5  2.02517
0  667.5  2.00837
0  672.5  1.99256
0  677.5  1.97621
0  682.5  1.95838
0  687.5  1.94142
0  692.5  1.92424
0  697.5  1.90765
0  702.5  1.88947
0  707.5  1.87208
0  712.5  1.85507
0  717.5  1.83674
0  722.5  1.81697
0  727.5  1.79858
0  732.5  1.77962
0  737.5  1.76097
0  742.5  1.73912
0  747.5  1.71918
0  752.5  1.69963
0  757.5  1.68059
0  762.5  1.65866
0  767.5  1.63844
0  772.5  1.61649
0  777.5  1.59448
0  782.5  1.57098
0  787.5  1.54869
0  792.5  1.52644
0  797.5  1.50347
0  802.5  1.4779
0  807.5  1.45497
0  812.5  1.43034
0  817.5  1.40618
0  822.5  1.3784
0  827.5  1.35391
0  832.5  1.32788
0  837.5  1.30088
0  842.5  1.27166
0  847.5  1.24322
0  852.5  1.21479
0  857.5  1.18526
0  862.5  1.15267
0  867.5  1.12227
0  872.5  1.09127
0  877.5  1.05938
0  882.5  1.02387
0  887.5  0.989698
0  892.5  0.954073
0  897.5  0.91778
0  902.5  0.875731
0  907.5  0.837206
0  912.5  0.797678
0  917.5  0.756662
0  922.5  0.710119
0  927.5  0.665063
0  932.5  0.61975
0  937.5  0.572493
0  942.5  0.520573
0  947.5  0.470993
0  952.5  0.420471
0  957.5  0.369022
0  962.5  0.312973
0  967.5  0.263893
0  972.5  0.221009
0  977.5  0.181375
0  982.5  0.145629
0  987.5  0.118082
0  992.5  0.093254
0  997.5  0.0729055
0  1002.5  0.0557763
0  1007.5  0.0434912
0  1012.5  0.0333321
0  1017.5  0.0253749
0  1022.5  0.0178885
0  1027.5  0.0129988
0  1032.5  0.00882276
0  1037.5  0.00549714
0  1042.5  0.00369007
0  1047.5  0.0027182
0  1052.5  0.00182226
0  1057.5  0.000987056
44  132  400  1060  P1X2
0  402.5  2.38125
0  407.5  2.38087
0  412.5  2.3804
0  417.5  2.38002
0  422.5  2.37964
0  427.5  2.37929
0  432.5  2.37884
0  437.5  2.37846
0  442.5  2.37799
0  447.5  2.37751
0  452.5  2.37688
0  457.5  2.37631
0  462.5  2.37571
0  467.5  2.37504
0  472.5  2.37428
0  477.5  2.37352
0  482.5  2.37243
0  487.5  2.37135
0  492.5  2.37
0  497.5  2.36862
0  502.5  2.36711
0  507.5  2.36408
0  512.5  2.36075
0  517.5  2.3572
0  522.5  2.35328
0  527.5  2.34886
0  532.5  2.3438
0  537.5  2.33805
0  542.5  2.33048
0  547.5  2.32373
0  552.5  2.31559
0  557.5  2.30714
0  562.5  2.29738
0  567.5  2.28768
0  572.5  2.27776
0  577.5  2.26672
0  582.5  2.25334
0  587.5  2.24141
0  592.5  2.22944
0  597.5  2.21726
0  602.5  2.20291
0  607.5  2.18993
0  612.5  2.17646
0  617.5  2.16302
0  622.5  2.1477
0  627.5  2.13359
0  632.5  2.1186
0  637.5  2.10446
0  642.5  2.08787
0  647.5  2.07306
0  652.5  2.05747
0  657.5  2.04274
0  662.5  2.02517
0  667.5  2.00837
0  672.5  1.99256
0  677.5  1.97621
0  682.5  1.95838
0  687.5  1.94142
0  692.5  1.92424
0  697.5  1.90765
0  702.5  1.88947
0  707.5  1.87208
0  712.5  1.85507
0  717.5  1.83674
0  722.5  1.81697
0  727.5  1.79858
0  732.5  1.77962
0  737.5  1.76097
0  742.5  1.73912
0  747.5  1.71918
0  752.5  1.69963
0  757.5  1.68059
0  762.5  1.65866
0  767.5  1.63844
0  772.5  1.61649
0  777.5  1.59448
0  782.5  1.57098
0  787.5  1.54869
0  792.5  1.52644
0  797.5  1.50347
0  802.5  1.4779
0  807.5  1.45497
0  812.5  1.43034
0  817.5  1.40618
0  822.5  1.3784
0  827.5  1.35391
0  832.5  1.32788
0  837.5  1.30088
0  842.5  1.27166
0  847.5  1.24322
0  852.5  1.21479
0  857.5  1.18526
0  862.5  1.15267
0  867.5  1.12227
0  872.5  1.09127
0  877.5  1.05938
0  882.5  1.02387
0  887.5  0.989698
0  892.5  0.954073
0  897.5  0.91778
0  902.5  0.875731
0  907.5  0.837206
0  912.5  0.797678
0  917.5  0.756662
0  922.5  0.710119
0  927.5  0.665063
0  932.5  0.61975
0  937.5  0.572493
0  942.5  0.520573
0  947.5  0.470993
0  952.5  0.420471
0  957.5  0.369022
0  962.5  0.312973
0  967.5  0.263893
0  972.5  0.221009
0  977.5  0.181375
0  982.5  0.145629
0  987.5  0.118082
0  992.5  0.093254
0  997.5  0.0729055
0  1002.5  0.0557763
0  1007.5  0.0434912
0  1012.5  0.0333321
0  1017.5  0.0253749
0  1022.5  0.0178885
0  1027.5  0.0129988
0  1032.5  0.00882276
0  1037.5  0.00549714
0  1042.5  0.00369007
0  1047.5  0.0027182
0  1052.5  0.00182226
0  1057.5  0.000987056
45  132  400  1060  P2X1
0  402.5  2.38125
0  407.5  2.38084
0  412.5  2.38034
0  417.5  2.37997
0  422.5  2.3795
0  427.5  2.37883
0  432.5  2.37825
0  437.5  2.37755
0  442.5  2.37663
0  447.5  2.37573
0  452.5  2.37485
0  457.5  2.37364
0  462.5  2.37242
0  467.5  2.37093
0  472.5  2.36947
0  477.5  2.36806
0  482.5  2.36599
0  487.5  2.36425
0  492.5  2.36192
0  497.5  2.35963
0  502.5  2.35715
0  507.5  2.3523
0  512.5  2.34698
0  517.5  2.34142
0  522.5  2.3344
0  527.5  2.3277
0  532.5  2.32073
0  537.5  2.31271
0  542.5  2.30365
0  547.5  2.29445
0  552.5  2.28472
0  557.5  2.27477
0  562.5  2.26281
0  567.5  2.25211
0  572.5  2.24065
0  577.5  2.22854
0  582.5  2.21476
0  587.5  2.20186
0  592.5  2.18939
0  597.5  2.1763
0  602.5  2.16226
0  607.5  2.14912
0  612.5  2.13511
0  617.5  2.12053
0  622.5  2.10533
0  627.5  2.09164
0  632.5  2.07724
0  637.5  2.06231
0  642.5  2.0458
0  647.5  2.03039
0  652.5  2.01632
0  657.5  2.00101
0  662.5  1.98396
0  667.5  1.96809
0  672.5  1.95229
0  677.5  1.93615
0  682.5  1.91845
0  687.5  1.90163
0  692.5  1.88528
0  697.5  1.86877
0  702.5  1.85067
0  707.5  1.83354
0  712.5  1.81639
0  717.5  1.79827
0  722.5  1.77878
0  727.5  1.7603
0  732.5  1.7424
0  737.5  1.72344
0  742.5  1.70255
0  747.5  1.68249
0  752.5  1.66276
0  757.5  1.64319
0  762.5  1.62241
0  767.5  1.60224
0  772.5  1.5816
0  777.5  1.56058
0  782.5  1.53699
0  787.5  1.51449
0  792.5  1.49205
0  797.5  1.46903
0  802.5  1.44469
0  807.5  1.42055
0  812.5  1.3965
0  817.5  1.37171
0  822.5  1.34354
0  827.5  1.3186
0  832.5  1.29248
0  837.5  1.26568
0  842.5  1.23562
0  847.5  1.20667
0  852.5  1.17723
0  857.5  1.14702
0  862.5  1.11217
0  867.5  1.08011
0  872.5  1.04782
0  877.5  1.01256
0  882.5  0.97437
0  887.5  0.937767
0  892.5  0.900189
0  897.5  0.860278
0  902.5  0.816145
0  907.5  0.773856
0  912.5  0.728106
0  917.5  0.683225
0  922.5  0.630326
0  927.5  0.581466
0  932.5  0.530915
0  937.5  0.477893
0  942.5  0.419064
0  947.5  0.364869
0  952.5  0.311192
0  957.5  0.26032
0  962.5  0.210195
0  967.5  0.169751
0  972.5  0.134581
0  977.5  0.106195
0  982.5  0.0813157
0  987.5  0.0633116
0  992.5  0.0494846
0  997.5  0.0390571
0  1002.5  0.0296511
0  1007.5  0.0234922
0  1012.5  0.0185986
0  1017.5  0.0147569
0  1022.5  0.0108543
0  1027.5  0.00812547
0  1032.5  0.00618938
0  1037.5  0.00486309
0  1042.5  0.00373497
0  1047.5  0.00275931
0  1052.5  0.00184462
0  1057.5  0.000990911
46  132  400  1060  P2X2
0  402.5  2.38125
0  407.5  2.38084
0  412.5  2.38034
0  417.5  2.37997
0  422.5  2.3795
0  427.5  2.37883
0  432.5  2.37825
0  437.5  2.37755
0  442.5  2.37663
0  447.5  2.37573
0  452.5  2.37485
0  457.5  2.37364
0  462.5  2.37242
0  467.5  2.37093
0  472.5  2.36947
0  477.5  2.36806
0  482.5  2.36599
0  487.5  2.36425
0  492.5  2.36192
0  497.5  2.35963
0  502.5  2.35715
0  507.5  2.3523
0  512.5  2.34698
0  517.5  2.34142
0  522.5  2.3344
0  527.5  2.3277
0  532.5  2.32073
0  537.5  2.31271
0  542.5  2.30365
0  547.5  2.29445
0  552.5  2.28472
0  557.5  2.27477
0  562.5  2.26281
0  567.5  2.25211
0  572.5  2.24065
0  577.5  2.22854
0  582.5  2.21476
0  587.5  2.20186
0  592.5  2.18939
0  597.5  2.1763
0  602.5  2.16226
0  607.5  2.14912
0  612.5  2.13511
0  617.5  2.12053
0  622.5  2.10533
0  627.5  2.09164
0  632.5  2.07724
0  637.5  2.06231
0  642.5  2.0458
0  647.5  2.03039
0  652.5  2.01632
0  657.5  2.00101
0  662.5  1.98396
0  667.5  1.96809
0  672.5  1.95229
0  677.5  1.93615
0  682.5  1.91845
0  687.5  1.90163
0  692.5  1.88528
0  697.5  1.86877
0  702.5  1.85067
0  707.5  1.83354
0  712.5  1.81639
0  717.5  1.79827
0  722.5  1.77878
0  727.5  1.7603
0  732.5  1.7424
0  737.5  1.72344
0  742.5  1.70255
0  747.5  1.68249
0  752.5  1.66276
0  757.5  1.64319
0  762.5  1.62241
0  767.5  1.60224
0  772.5  1.5816
0  777.5  1.56058
0  782.5  1.53699
0  787.5  1.51449
0  792.5  1.49205
0  797.5  1.46903
0  802.5  1.44469
0  807.5  1.42055
0  812.5  1.3965
0  817.5  1.37171
0  822.5  1.34354
0  827.5  1.3186
0  832.5  1.29248
0  837.5  1.26568
0  842.5  1.23562
0  847.5  1.20667
0  852.5  1.17723
0  857.5  1.14702
0  862.5  1.11217
0  867.5  1.08011
0  872.5  1.04782
0  877.5  1.01256
0  882.5  0.97437
0  887.5  0.937767
0  892.5  0.900189
0  897.5  0.860278
0  902.5  0.816145
0  907.5  0.773856
0  912.5  0.728106
0  917.5  0.683225
0  922.5  0.630326
0  927.5  0.581466
0  932.5  0.530915
0  937.5  0.477893
0  942.5  0.419064
0  947.5  0.364869
0  952.5  0.311192
0  957.5  0.26032
0  962.5  0.210195
0  967.5  0.169751
0  972.5  0.134581
0  977.5  0.106195
0  982.5  0.0813157
0  987.5  0.0633116
0  992.5  0.0494846
0  997.5  0.0390571
0  1002.5  0.0296511
0  1007.5  0.0234922
0  1012.5  0.0185986
0  1017.5  0.0147569
0  1022.5  0.0108543
0  1027.5  0.00812547
0  1032.5  0.00618938
0  1037.5  0.00486309
0  1042.5  0.00373497
0  1047.5  0.00275931
0  1052.5  0.00184462
0  1057.5  0.000990911
47  132  400  1060  P2Y1
0  402.5  2.38125
0  407.5  2.38077
0  412.5  2.38026
0  417.5  2.3798
0  422.5  2.37934
0  427.5  2.37876
0  432.5  2.37814
0  437.5  2.37741
0  442.5  2.37664
0  447.5  2.37585
0  452.5  2.37507
0  457.5  2.37411
0  462.5  2.37277
0  467.5  2.37174
0  472.5  2.37051
0  477.5  2.36917
0  482.5  2.36739
0  487.5  2.36565
0  492.5  2.36382
0  497.5  2.36206
0  502.5  2.35964
0  507.5  2.35588
0  512.5  2.35068
0  517.5  2.34609
0  522.5  2.34012
0  527.5  2.33478
0  532.5  2.32885
0  537.5  2.32214
0  542.5  2.31411
0  547.5  2.30539
0  552.5  2.29684
0  557.5  2.28823
0  562.5  2.27771
0  567.5  2.26699
0  572.5  2.25639
0  577.5  2.24496
0  582.5  2.23166
0  587.5  2.22064
0  592.5  2.20823
0  597.5  2.19596
0  602.5  2.18178
0  607.5  2.16785
0  612.5  2.15494
0  617.5  2.14103
0  622.5  2.1248
0  627.5  2.10998
0  632.5  2.09465
0  637.5  2.0801
0  642.5  2.06329
0  647.5  2.04778
0  652.5  2.03199
0  657.5  2.01564
0  662.5  1.99762
0  667.5  1.98181
0  672.5  1.9655
0  677.5  1.94899
0  682.5  1.93183
0  687.5  1.91566
0  692.5  1.89801
0  697.5  1.88061
0  702.5  1.86083
0  707.5  1.84397
0  712.5  1.8267
0  717.5  1.80832
0  722.5  1.78805
0  727.5  1.77041
0  732.5  1.75118
0  737.5  1.73121
0  742.5  1.71043
0  747.5  1.69167
0  752.5  1.67019
0  757.5  1.64989
0  762.5  1.62754
0  767.5  1.60785
0  772.5  1.58719
0  777.5  1.566
0  782.5  1.54206
0  787.5  1.51997
0  792.5  1.49757
0  797.5  1.47419
0  802.5  1.44958
0  807.5  1.4266
0  812.5  1.40112
0  817.5  1.37635
0  822.5  1.34971
0  827.5  1.32313
0  832.5  1.29627
0  837.5  1.26909
0  842.5  1.23873
0  847.5  1.21
0  852.5  1.18082
0  857.5  1.15116
0  862.5  1.11656
0  867.5  1.08383
0  872.5  1.05138
0  877.5  1.01798
0  882.5  0.979844
0  887.5  0.943796
0  892.5  0.907349
0  897.5  0.870935
0  902.5  0.82609
0  907.5  0.785245
0  912.5  0.743572
0  917.5  0.702265
0  922.5  0.653117
0  927.5  0.605946
0  932.5  0.558854
0  937.5  0.511555
0  942.5  0.457563
0  947.5  0.408926
0  952.5  0.361451
0  957.5  0.315603
0  962.5  0.266455
0  967.5  0.22577
0  972.5  0.18969
0  977.5  0.156765
0  982.5  0.126486
0  987.5  0.102056
0  992.5  0.0818329
0  997.5  0.0656894
0  1002.5  0.0509005
0  1007.5  0.0408766
0  1012.5  0.0325101
0  1017.5  0.02553
0  1022.5  0.0195698
0  1027.5  0.0149164
0  1032.5  0.0115379
0  1037.5  0.00889246
0  1042.5  0.00669325
0  1047.5  0.00506774
0  1052.5  0.0035538
0  1057.5  0.00172112
48  132  400  1060  P2Y2
0  402.5  2.38125
0  407.5  2.38077
0  412.5  2.38026
0  417.5  2.3798
0  422.5  2.37934
0  427.5  2.37876
0  432.5  2.37814
0  437.5  2.37741
0  442.5  2.37664
0  447.5  2.37585
0  452.5  2.37507
0  457.5  2.37411
0  462.5  2.37277
0  467.5  2.37174
0  472.5  2.37051
0  477.5  2.36917
0  482.5  2.36739
0  487.5  2.36565
0  492.5  2.36382
0  497.5  2.36206
0  502.5  2.35964
0  507.5  2.35588
0  512.5  2.35068
0  517.5  2.34609
0  522.5  2.34012
0  527.5  2.33478
0  532.5  2.32885
0  537.5  2.32214
0  542.5  2.31411
0  547.5  2.30539
0  552.5  2.29684
0  557.5  2.28823
0  562.5  2.27771
0  567.5  2.26699
0  572.5  2.25639
0  577.5  2.24496
0  582.5  2.23166
0  587.5  2.22064
0  592.5  2.20823
0  597.5  2.19596
0  602.5  2.18178
0  607.5  2.16785
0  612.5  2.15494
0  617.5  2.14103
0  622.5  2.1248
0  627.5  2.10998
0  632.5  2.09465
0  637.5  2.0801
0  642.5  2.06329
0  647.5  2.04778
0  652.5  2.03199
0  657.5  2.01564
0  662.5  1.99762
0  667.5  1.98181
0  672.5  1.9655
0  677.5  1.94899
0  682.5  1.93183
0  687.5  1.91566
0  692.5  1.89801
0  697.5  1.88061
0  702.5  1.86083
0  707.5  1.84397
0  712.5  1.8267
0  717.5  1.80832
0  722.5  1.78805
0  727.5  1.77041
0  732.5  1.75118
0  737.5  1.73121
0  742.5  1.71043
0  747.5  1.69167
0  752.5  1.67019
0  757.5  1.64989
0  762.5  1.62754
0  767.5  1.60785
0  772.5  1.58719
0  777.5  1.566
0  782.5  1.54206
0  787.5  1.51997
0  792.5  1.49757
0  797.5  1.47419
0  802.5  1.44958
0  807.5  1.4266
0  812.5  1.40112
0  817.5  1.37635
0  822.5  1.34971
0  827.5  1.32313
0  832.5  1.29627
0  837.5  1.26909
0  842.5  1.23873
0  847.5  1.21
0  852.5  1.18082
0  857.5  1.15116
0  862.5  1.11656
0  867.5  1.08383
0  872.5  1.05138
0  877.5  1.01798
0  882.5  0.979844
0  887.5  0.943796
0  892.5  0.907349
0  897.5  0.870935
0  902.5  0.82609
0  907.5  0.785245
0  912.5  0.743572
0  917.5  0.702265
0  922.5  0.653117
0  927.5  0.605946
0  932.5  0.558854
0  937.5  0.511555
0  942.5  0.457563
0  947.5  0.408926
0  952.5  0.361451
0  957.5  0.315603
0  962.5  0.266455
0  967.5  0.22577
0  972.5  0.18969
0  977.5  0.156765
0  982.5  0.126486
0  987.5  0.102056
0  992.5  0.0818329
0  997.5  0.0656894
0  1002.5  0.0509005
0  1007.5  0.0408766
0  1012.5  0.0325101
0  1017.5  0.02553
0  1022.5  0.0195698
0  1027.5  0.0149164
0  1032.5  0.0115379
0  1037.5  0.00889246
0  1042.5  0.00669325
0  1047.5  0.00506774
0  1052.5  0.0035538
0  1057.5  0.00172112
